37187 3488 40675 
37187 3488 40675 
37187 3488 40675 
37187 3488 40675 
37187 3488 40675 
37186 3492 40678 
37185 3492 40677 
37184 3487 40671 
37183 3486 40669 
37182 3481 40663 
37165 3468 40633 
37092 3411 40503 
36937 3258 40195 
36704 3001 39705 
36358 2678 39036 
35997 2346 38343 
35629 1926 37555 
35241 1450 36691 
34742 888 35630 
34120 349 34469 
33452 65454 98906 
32799 64725 97524 
32378 64152 96530 
31900 63665 95565 
31352 63148 94500 
30803 62585 93388 
30198 62014 92212 
29547 61409 90956 
28811 60739 89550 
28009 59957 87966 
27199 59172 86371 
26437 58426 84863 
25660 57678 83338 
24933 56953 81886 
24249 56231 80480 
23595 55565 79160 
22923 54878 77801 
22313 54256 76569 
21671 53597 75268 
21060 52973 74033 
20463 52323 72786 
19863 51635 71498 
19128 50836 69964 
18365 50064 68429 
17488 49233 66721 
16606 48374 64980 
15755 47508 63263 
14921 46727 61648 
14162 46039 60201 
13489 45414 58903 
12901 44852 57753 
12411 44350 56761 
11960 43907 55867 
11513 43479 54992 
11088 43054 54142 
10655 42635 53290 
10136 42125 52261 
9611 41607 51218 
8982 40973 49955 
8464 40561 49025 
7796 40207 48003 
7074 40135 47209 
6341 40261 46602 
5380 40198 45578 
4446 40161 44607 
3532 40143 43675 
2649 40144 42793 
1765 40165 41930 
749 40141 40890 
65264 40108 105372 
64285 40094 104379 
63477 40111 103588 
62830 40130 102960 
61987 40128 102115 
61250 40203 101453 
60555 40211 100766 
59970 40240 100210 
59499 40254 99753 
59167 40368 99535 
58821 40508 99329 
58490 40600 99090 
58210 40586 98796 
57965 40411 98376 
57698 40077 97775 
57314 39643 96957 
56799 39209 96008 
56225 38764 94989 
55594 38234 93828 
54794 37551 92345 
53929 36739 90668 
53032 35804 88836 
52234 34949 87183 
51494 34778 86272 
50673 34778 85451 
49840 34154 83994 
49046 33424 82470 
48318 32695 81013 
47593 31953 79546 
46777 31125 77902 
45889 30232 76121 
44820 29169 73989 
43700 28000 71700 
42641 26844 69485 
41674 25779 67453 
40757 24785 65542 
39967 23949 63916 
39288 23247 62535 
38652 22615 61267 
37966 21943 59909 
37274 21279 58553 
36582 20590 57172 
35869 19879 55748 
35076 19080 54156 
34180 18192 52372 
33221 17249 50470 
32273 16303 48576 
31381 15419 46800 
30470 14515 44985 
29645 13674 43319 
28867 12844 41711 
28182 12139 40321 
27498 11408 38906 
26740 10638 37378 
25935 9853 35788 
25044 9033 34077 
24097 8151 32248 
23170 7281 30451 
22304 6501 28805 
21538 5799 27337 
20837 5143 25980 
20223 4551 24774 
19711 3982 23693 
19295 3503 22798 
18908 3090 21998 
18542 2737 21279 
18129 2332 20461 
17637 1871 19508 
17051 1398 18449 
16372 987 17359 
15642 688 16330 
14883 497 15380 
14079 439 14518 
13222 446 13668 
12328 445 12773 
11372 447 11819 
10420 455 10875 
9614 503 10117 
8885 563 9448 
8192 646 8838 
7463 741 8204 
6716 861 7577 
6024 1014 7038 
5357 1162 6519 
4744 1307 6051 
4093 1415 5508 
3452 1517 4969 
2874 1619 4493 
2339 1657 3996 
1927 1657 3584 
1625 1656 3281 
1428 1657 3085 
1329 1654 2983 
1256 1614 2870 
1161 1504 2665 
1114 1344 2458 
1111 1165 2276 
1070 1045 2115 
908 956 1864 
737 823 1560 
538 643 1181 
332 480 812 
111 297 408 
65355 48 65403 
65011 65300 130311 
64581 64930 129511 
64094 64492 128586 
63555 64013 127568 
62869 63402 126271 
62165 62771 124936 
61391 62036 123427 
60650 61293 121943 
59983 60564 120547 
59414 59915 119329 
58871 59286 118157 
58341 58665 117006 
57848 58068 115916 
57389 57541 114930 
56961 57052 114013 
56468 56535 113003 
55967 56007 111974 
55389 55469 110858 
54840 54916 109756 
54162 54250 108412 
53445 53513 106958 
52657 52681 105338 
51834 51852 103686 
51017 51028 102045 
50210 50215 100425 
49486 49462 98948 
48740 48688 97428 
48010 47937 95947 
47263 47191 94454 
46504 46429 92933 
45656 45556 91212 
44776 44630 89406 
43766 43618 87384 
42775 42641 85416 
41840 41674 83514 
41059 40873 81932 
40286 40067 80353 
39597 39365 78962 
38948 38713 77661 
38373 38163 76536 
37799 37633 75432 
37212 37095 74307 
36513 36483 72996 
35742 35825 71567 
34954 35116 70070 
34177 34374 68551 
33452 33674 67126 
32709 32933 65642 
32064 32286 64350 
31461 31640 63101 
30937 31066 62003 
30458 30565 61023 
30010 30074 60084 
29553 29602 59155 
29139 29179 58318 
28732 28746 57478 
28466 28479 56945 
28005 28019 56024 
27623 27642 55265 
26986 27046 54032 
26456 26562 53018 
25863 26026 51889 
25292 25589 50881 
24684 25322 50006 
24098 25227 49325 
23492 25226 48718 
22797 25242 48039 
22034 25251 47285 
21254 25250 46504 
20293 25264 45557 
19286 25329 44615 
18287 25424 43711 
17414 25529 42943 
16688 25644 42332 
16036 25710 41746 
15447 25764 41211 
14886 25822 40708 
14404 25907 40311 
14009 26044 40053 
13650 26194 39844 
13237 26336 39573 
12788 26495 39283 
12330 26633 38963 
11908 26708 38616 
11528 26711 38239 
11224 26649 37873 
11073 26581 37654 
10938 26507 37445 
10744 26444 37188 
10549 26361 36910 
10354 26205 36559 
10128 25955 36083 
9833 25670 35503 
9485 25365 34850 
9126 25045 34171 
8671 24623 33294 
8200 24154 32354 
7727 23628 31355 
7200 23038 30238 
6599 22427 29026 
5976 21808 27784 
5377 21196 26573 
4806 20603 25409 
4260 20033 24293 
3744 19505 23249 
3276 19034 22310 
2791 18583 21374 
2278 18128 20406 
1759 17660 19419 
1245 17188 18433 
731 16708 17439 
162 16172 16334 
65076 15587 80663 
64428 14960 79388 
63749 14268 78017 
63076 13566 76642 
62414 12851 75265 
61667 12067 73734 
60932 11286 72218 
60198 10495 70693 
59524 9768 69292 
58833 9058 67891 
58260 8475 66735 
57765 7998 65763 
57322 7561 64883 
56913 7175 64088 
56505 6782 63287 
56062 6357 62419 
55570 5878 61448 
54970 5291 60261 
54322 4666 58988 
53588 3960 57548 
52851 3238 56089 
52104 2473 54577 
51369 1710 53079 
50694 991 51685 
50016 259 50275 
49402 65132 114534 
48811 64523 113334 
48253 63955 112208 
47649 63343 110992 
47014 62717 109731 
46315 62044 108359 
45500 61287 106787 
44637 60445 105082 
43731 59584 103315 
42871 58731 101602 
42111 57963 100074 
41390 57210 98600 
40779 56559 97338 
40193 55919 96112 
39655 55357 95012 
39137 54826 93963 
38591 54314 92905 
38028 53775 91803 
37495 53233 90728 
36887 52611 89498 
36272 51993 88265 
35526 51293 86819 
35001 50830 85831 
34274 50223 84497 
33661 49821 83482 
33002 49506 82508 
32361 49310 81671 
31728 49277 81005 
31020 49300 80320 
30213 49353 79566 
29326 49422 78748 
28458 49496 77954 
27538 49543 77081 
26637 49594 76231 
25820 49615 75435 
25080 49668 74748 
24354 49676 74030 
23696 49724 73420 
23090 49817 72907 
22522 49912 72434 
21964 50002 71966 
21416 50065 71481 
20834 50095 70929 
20294 50117 70411 
19821 50167 69988 
19457 50245 69702 
19180 50316 69496 
18965 50398 69363 
18735 50462 69197 
18466 50471 68937 
18264 50470 68734 
18210 50460 68670 
18173 50375 68548 
18079 50171 68250 
17982 49909 67891 
17820 49747 67567 
17538 49596 67134 
17189 49277 66466 
16794 48815 65609 
16344 48316 64660 
15760 47691 63451 
15139 46998 62137 
14435 46226 60661 
13652 45398 59050 
12912 44592 57504 
12121 43730 55851 
11400 42954 54354 
10668 42241 52909 
10019 41639 51658 
9355 41063 50418 
8728 40548 49276 
8140 40037 48177 
7495 39447 46942 
6902 38898 45800 
6194 38249 44443 
5442 37539 42981 
4645 36715 41360 
3876 35848 39724 
3086 35008 38094 
2385 34251 36636 
1739 33573 35312 
1208 33015 34223 
740 32522 33262 
285 32060 32345 
65360 31600 96960 
64875 31146 96021 
64296 30579 94875 
63741 30031 93772 
63112 29375 92487 
62540 28815 91355 
61994 28259 90253 
61567 27813 89380 
61181 27404 88585 
60927 27117 88044 
60755 26929 87684 
60720 26911 87631 
60724 26938 87662 
60723 26948 87671 
60723 26946 87669 
60723 26947 87670 
60721 26944 87665 
60721 26944 87665 
60721 26944 87665 
60721 26944 87665 
