30757 40691 71448 
30757 40691 71448 
30757 40693 71450 
30758 40686 71444 
30758 40699 71457 
30760 40693 71453 
30759 40692 71451 
30758 40692 71450 
30757 40673 71430 
30716 40635 71351 
30674 40614 71288 
30674 40615 71289 
30667 40600 71267 
30653 40560 71213 
30603 40523 71126 
30511 40474 70985 
30338 40387 70725 
30076 40154 70230 
29741 39719 69460 
29343 39177 68520 
28819 38680 67499 
28247 38162 66409 
27693 37613 65306 
27156 37104 64260 
26671 36659 63330 
26163 36210 62373 
25602 35689 61291 
25013 35146 60159 
24356 34511 58867 
23638 33787 57425 
22932 33045 55977 
22220 32290 54510 
21448 31496 52944 
20693 30702 51395 
19978 29939 49917 
19260 29161 48421 
18623 28435 47058 
17991 27770 45761 
17402 27205 44607 
16821 26666 43487 
16230 26095 42325 
15557 25441 40998 
14855 24738 39593 
14066 23944 38010 
13229 23115 36344 
12363 22235 34598 
11543 21389 32932 
10679 20515 31194 
9831 19659 29490 
8963 18793 27756 
8202 18018 26220 
7579 17380 24959 
7027 16796 23823 
6559 16323 22882 
6078 15847 21925 
5550 15348 20898 
4989 14836 19825 
4393 14295 18688 
3764 13696 17460 
3039 12991 16030 
2326 12293 14619 
1535 11518 13053 
770 10730 11500 
11 9932 9943 
64766 9139 73905 
63938 8324 72262 
63091 7485 70576 
62272 6672 68944 
61597 5975 67572 
61000 5347 66347 
60432 4737 65169 
59863 4091 63954 
59247 3405 62652 
58606 2737 61343 
57989 2099 60088 
57438 1487 58925 
56897 907 57804 
56463 452 56915 
56039 23 56062 
55611 65115 120726 
55169 64656 119825 
54712 64163 118875 
54279 63722 118001 
54026 63408 117434 
53866 63170 117036 
53859 62951 116810 
53861 62547 116408 
53861 61971 115832 
53882 61277 115159 
53895 60488 114383 
53896 59640 113536 
53897 58743 112640 
53906 57761 111667 
53911 56685 110596 
53944 55654 109598 
53946 54675 108621 
53951 53773 107724 
53955 52894 106849 
54034 52057 106091 
54236 51223 105459 
54598 50467 105065 
54926 49857 104783 
54989 49424 104413 
54962 49240 104202 
54968 49168 104136 
54961 49088 104049 
54922 48944 103866 
54887 48788 103675 
54811 48602 103413 
54691 48390 103081 
54530 48216 102746 
54283 48060 102343 
53976 47784 101760 
53622 47327 100949 
53158 46843 100001 
52618 46338 98956 
52011 45733 97744 
51361 45093 96454 
50664 44397 95061 
49946 43679 93625 
49187 42915 92102 
48339 42066 90405 
47455 41174 88629 
46553 40255 86808 
45647 39333 84980 
44765 38400 83165 
43972 37523 81495 
43201 36668 79869 
42401 35811 78212 
41542 34924 76466 
40596 33966 74562 
39603 33023 72626 
38589 32042 70631 
37657 31098 68755 
36728 30135 66863 
35856 29215 65071 
35014 28334 63348 
34182 27508 61690 
33401 26760 60161 
32710 26077 58787 
32061 25421 57482 
31378 24722 56100 
30599 23944 54543 
29784 23121 52905 
28940 22230 51170 
28082 21347 49429 
27236 20452 47688 
26368 19554 45922 
25527 18685 44212 
24713 17868 42581 
23896 17052 40948 
23083 16236 39319 
22335 15497 37832 
21605 14774 36379 
20969 14185 35154 
20352 13589 33941 
19817 13030 32847 
19245 12427 31672 
18570 11737 30307 
17786 10936 28722 
16997 10120 27117 
16208 9291 25499 
15484 8557 24041 
14915 7962 22877 
14372 7403 21775 
13943 6943 20886 
13561 6532 20093 
13254 6173 19427 
12935 5801 18736 
12731 5442 18173 
12730 5098 17828 
12731 4631 17362 
12731 4048 16779 
12751 3383 16134 
12749 2601 15350 
12741 1773 14514 
12749 1054 13803 
12751 324 13075 
12753 64923 77676 
12823 64188 77011 
12824 63419 76243 
12823 62660 75483 
12824 61879 74703 
12890 61084 73974 
13039 60274 73313 
13284 59556 72840 
13578 58927 72505 
13827 58386 72213 
13990 57952 71942 
14059 57602 71661 
14106 57364 71470 
14127 57177 71304 
14142 57012 71154 
14140 56861 71001 
14085 56723 70808 
13917 56542 70459 
13716 56313 70029 
13555 56072 69627 
13398 55852 69250 
13169 55635 68804 
12845 55320 68165 
12559 55001 67560 
12248 54672 66920 
11844 54300 66144 
11373 53795 65168 
10855 53231 64086 
10235 52599 62834 
9561 51884 61445 
8893 51175 60068 
8152 50428 58580 
7350 49679 57029 
6443 48841 55284 
5615 48062 53677 
4804 47289 52093 
4053 46569 50622 
3400 45908 49308 
2800 45302 48102 
2196 44713 46909 
1461 44010 45471 
680 43260 43940 
65313 42343 107656 
64408 41330 105738 
63419 40244 103663 
62326 39107 101433 
61231 38047 99278 
60169 37046 97215 
59330 36223 95553 
58578 35506 94084 
57949 34878 92827 
57217 34144 91361 
56369 33339 89708 
55417 32418 87835 
54448 31418 85866 
53562 30497 84059 
52594 29481 82075 
51686 28549 80235 
50768 27627 78395 
49974 26868 76842 
49331 26188 75519 
48759 25576 74335 
48215 24992 73207 
47616 24386 72002 
46966 23745 70711 
46200 22962 69162 
45349 22085 67434 
44351 21057 65408 
43382 20026 63408 
42405 18970 61375 
41516 18015 59531 
40687 17164 57851 
39898 16346 56244 
39216 15629 54845 
38668 15029 53697 
38204 14519 52723 
37904 14150 52054 
37681 13862 51543 
37536 13637 51173 
37476 13340 50816 
37478 12816 50294 
37478 12011 49489 
37503 11066 48569 
37507 10061 47568 
37511 9105 46616 
37511 8228 45739 
37523 7370 44893 
37596 6585 44181 
37657 5797 43454 
37678 4987 42665 
37782 4356 42138 
37817 3632 41449 
37836 2874 40710 
37951 2147 40098 
38059 1385 39444 
38161 702 38863 
38312 129 38441 
38383 65171 103554 
38418 64815 103233 
38416 64560 102976 
38404 64321 102725 
38397 64108 102505 
38320 63900 102220 
38173 63751 101924 
37994 63683 101677 
37863 63659 101522 
37772 63572 101344 
37641 63402 101043 
37427 63209 100636 
37108 62929 100037 
36770 62590 99360 
36416 62223 98639 
36032 61828 97860 
35638 61436 97074 
35137 60931 96068 
34565 60349 94914 
33913 59691 93604 
33101 58880 91981 
32146 57899 90045 
31087 56837 87924 
30005 55739 85744 
28988 54707 83695 
28074 53797 81871 
27256 52990 80246 
26471 52283 78754 
25748 51710 77458 
25039 51083 76122 
24358 50407 74765 
23546 49553 73099 
22640 48662 71302 
21645 47673 69318 
20713 46701 67414 
19782 45735 65517 
18916 44848 63764 
18103 44035 62138 
17323 43241 60564 
16562 42488 59050 
15793 41751 57544 
15019 41024 56043 
14379 40421 54800 
13710 39783 53493 
12934 39000 51934 
12002 38066 50068 
10993 37029 48022 
10035 36010 46045 
9124 35026 44150 
8222 34072 42294 
7360 33185 40545 
6552 32394 38946 
5783 31647 37430 
5067 30975 36042 
4353 30307 34660 
3619 29617 33236 
2854 28874 31728 
2004 28073 30077 
1190 27258 28448 
392 26450 26842 
65148 25675 90823 
64488 25008 89496 
63911 24423 88334 
63336 23831 87167 
62776 23237 86013 
62218 22645 84863 
61811 22199 84010 
61562 21871 83433 
61438 21618 83056 
61356 21347 82703 
61325 20997 82322 
61325 20501 81826 
61337 19834 81171 
61342 19026 80368 
61354 18182 79536 
61361 17265 78626 
61363 16369 77732 
61361 15480 76841 
61361 14554 75915 
61360 13590 74950 
61362 12656 74018 
61362 11795 73157 
61362 11033 72395 
61362 10313 71675 
61382 9644 71026 
61386 8840 70226 
61490 8085 69575 
61591 7386 68977 
61680 6792 68472 
61843 6327 68170 
62014 5930 67944 
62109 5683 67792 
62061 5635 67696 
61964 5642 67606 
61938 5703 67641 
61940 5773 67713 
61939 5779 67718 
61938 5765 67703 
61939 5767 67706 
61939 5767 67706 
61938 5767 67705 
61938 5767 67705 
61938 5767 67705 
61938 5767 67705 
61938 5767 67705 
61938 5767 67705 
61938 5767 67705 
61937 5767 67704 
