1021 11141 12162 
1021 11141 12162 
1021 11141 12162 
1021 11141 12162 
1021 11140 12161 
1021 11142 12163 
1021 11125 12146 
1020 11122 12142 
1018 11123 12141 
1016 11121 12137 
1013 11118 12131 
1013 11117 12130 
1012 11116 12128 
988 11087 12075 
984 11048 12032 
975 10989 11964 
973 10967 11940 
970 10961 11931 
915 10910 11825 
741 10753 11494 
432 10467 10899 
65474 9977 75451 
64954 9423 74377 
64384 8836 73220 
63812 8237 72049 
63259 7664 70923 
62615 7190 69805 
61920 6567 68487 
61345 5943 67288 
60793 5382 66175 
60225 4857 65082 
59692 4330 64022 
59191 3776 62967 
58592 3150 61742 
57920 2453 60373 
57185 1665 58850 
56455 857 57312 
55694 36 55730 
54879 64758 119637 
54116 63984 118100 
53452 63298 116750 
52784 62678 115462 
52145 62061 114206 
51453 61395 112848 
50741 60708 111449 
49939 59978 109917 
49047 59179 108226 
48163 58306 106469 
47278 57379 104657 
46411 56474 102885 
45507 55554 101061 
44663 54672 99335 
43827 53789 97616 
43089 52995 96084 
42303 52201 94504 
41479 51392 92871 
40576 50507 91083 
39621 49534 89155 
38650 48531 87181 
37721 47587 85308 
36791 46585 83376 
35944 45635 81579 
35092 44732 79824 
34356 44058 78414 
33638 43406 77044 
33052 42819 75871 
32424 42227 74651 
31754 41592 73346 
31038 40933 71971 
30224 40180 70404 
29391 39369 68760 
28557 38537 67094 
27746 37725 65471 
27031 36932 63963 
26360 36169 62529 
25695 35459 61154 
25124 34896 60020 
24587 34356 58943 
24105 33853 57958 
23670 33406 57076 
23238 32968 56206 
22805 32505 55310 
22450 32015 54465 
22223 31493 53716 
22212 30991 53203 
22212 30436 52648 
22156 29815 51971 
22104 29149 51253 
22068 28466 50534 
22042 27751 49793 
22014 26985 48999 
22003 26182 48185 
21983 25318 47301 
21953 24364 46317 
21954 23466 45420 
21953 22626 44579 
21956 21842 43798 
21959 21120 43079 
21958 20419 42377 
21959 19667 41626 
21958 18866 40824 
21959 18126 40085 
21957 17513 39470 
21958 17017 38975 
21960 16601 38561 
21960 16264 38224 
21980 15969 37949 
21979 15641 37620 
21976 15386 37362 
21931 15226 37157 
21764 15101 36865 
21427 14904 36331 
21039 14541 35580 
20702 14147 34849 
20275 13716 33991 
19763 13246 33009 
19205 12746 31951 
18597 12213 30810 
18086 11721 29807 
17597 11220 28817 
17104 10746 27850 
16567 10238 26805 
15988 9671 25659 
15398 9084 24482 
14745 8434 23179 
14066 7760 21826 
13369 7045 20414 
12651 6290 18941 
11907 5542 17449 
11253 4857 16110 
10583 4148 14731 
9954 3484 13438 
9275 2781 12056 
8584 2059 10643 
7796 1234 9030 
6971 348 7319 
6071 64974 71045 
5079 64021 69100 
4080 63060 67140 
3120 62127 65247 
2246 61266 63512 
1403 60458 61861 
633 59702 60335 
65389 58940 124329 
64548 58103 122651 
63704 57259 120963 
62869 56358 119227 
62090 55506 117596 
61282 54649 115931 
60462 53800 114262 
59616 52950 112566 
58811 52136 110947 
58074 51388 109462 
57403 50713 108116 
56678 49983 106661 
55969 49258 105227 
55209 48473 103682 
54403 47621 102024 
53566 46778 100344 
52743 45923 98666 
51970 45126 97096 
51212 44357 95569 
50508 43687 94195 
49863 43057 92920 
49239 42471 91710 
48814 42057 90871 
48292 41584 89876 
47793 41119 88912 
47330 40662 87992 
46928 40236 87164 
46602 39893 86495 
46363 39603 85966 
46268 39434 85702 
46196 39199 85395 
46186 38804 84990 
46188 38125 84313 
46186 37278 83464 
46168 36412 82580 
46157 35550 81707 
46149 34831 80980 
46147 34197 80344 
46132 33385 79517 
46135 32581 78716 
46137 31797 77934 
46137 30982 77119 
46154 30087 76241 
46161 29122 75283 
46171 28179 74350 
46171 27270 73441 
46210 26445 72655 
46234 25649 71883 
46282 24990 71272 
46283 24348 70631 
46283 23828 70111 
46282 23413 69695 
46272 23137 69409 
46217 23025 69242 
46102 22973 69075 
45917 22896 68813 
45652 22706 68358 
45331 22311 67642 
44961 21818 66779 
44450 21203 65653 
43891 20658 64549 
43178 20045 63223 
42464 19442 61906 
41799 18860 60659 
41095 18221 59316 
40446 17605 58051 
39674 16857 56531 
38912 16081 54993 
38097 15236 53333 
37159 14270 51429 
36146 13244 49390 
35076 12147 47223 
34075 11107 45182 
33106 10103 43209 
32222 9237 41459 
31401 8429 39830 
30605 7642 38247 
29787 6845 36632 
28881 5977 34858 
27880 5041 32921 
26845 4031 30876 
25741 2939 28680 
24670 1802 26472 
23648 713 24361 
22674 65202 87876 
21859 64284 86143 
21069 63379 84448 
20278 62514 82792 
19399 61670 81069 
18515 60840 79355 
17611 59955 77566 
16720 59072 75792 
15802 58144 73946 
14963 57272 72235 
14115 56388 70503 
13349 55581 68930 
12600 54787 67387 
11941 54149 66090 
11280 53545 64825 
10639 52962 63601 
9981 52340 62321 
9321 51699 61020 
8631 51002 59633 
7920 50257 58177 
7198 49527 56725 
6537 48830 55367 
5899 48180 54079 
5297 47570 52867 
4718 47002 51720 
4349 46629 50978 
4210 46449 50659 
4214 46390 50604 
4275 46277 50552 
4341 45980 50321 
4377 45451 49828 
4378 44722 49100 
4378 43862 48240 
4378 42834 47212 
4378 41693 46071 
4403 40661 45064 
4412 39602 44014 
4485 38623 43108 
4606 37674 42280 
4742 36819 41561 
4889 36023 40912 
5049 35205 40254 
5319 34565 39884 
5563 33960 39523 
5766 33405 39171 
5977 32862 38839 
6147 32379 38526 
6172 31994 38166 
6102 31802 37904 
5936 31748 37684 
5801 31687 37488 
5731 31614 37345 
5651 31504 37155 
5459 31269 36728 
5131 30922 36053 
4676 30464 35140 
4057 29830 33887 
3265 29062 32327 
2383 28243 30626 
1442 27328 28770 
514 26426 26940 
65062 25479 90541 
64117 24570 88687 
63191 23670 86861 
62353 22837 85190 
61486 21971 83457 
60664 21126 81790 
59798 20207 80005 
58942 19303 78245 
58026 18370 76396 
57078 17412 74490 
56098 16418 72516 
55074 15392 70466 
54154 14486 68640 
53285 13650 66935 
52495 12882 65377 
51685 12112 63797 
50839 11334 62173 
49938 10520 60458 
48956 9632 58588 
47937 8643 56580 
46892 7571 54463 
45829 6456 52285 
44797 5384 50181 
43772 4343 48115 
42864 3392 46256 
41979 2486 44465 
41103 1610 42713 
40256 769 41025 
39376 65415 104791 
38447 64486 102933 
37495 63516 101011 
36494 62499 98993 
35498 61452 96950 
34564 60482 95046 
33700 59575 93275 
32897 58775 91672 
32130 58048 90178 
31418 57368 88786 
30739 56716 87455 
30060 56064 86124 
29449 55461 84910 
28931 54922 83853 
28576 54515 83091 
28226 54139 82365 
27962 53847 81809 
27823 53639 81462 
27821 53540 81361 
27783 53469 81252 
27703 53335 81038 
27705 53158 80863 
27706 52838 80544 
27707 52414 80121 
27758 51924 79682 
27877 51406 79283 
28143 50949 79092 
28349 50373 78722 
28571 49748 78319 
28777 49032 77809 
28935 48241 77176 
29042 47349 76391 
29169 46468 75637 
29290 45590 74880 
29428 44800 74228 
29584 44082 73666 
29750 43445 73195 
29883 42919 72802 
30015 42471 72486 
30165 41900 72065 
30509 41415 71924 
30797 40988 71785 
30872 40735 71607 
30801 40681 71482 
30759 40688 71447 
30761 40704 71465 
30761 40712 71473 
30762 40711 71473 
30761 40698 71459 
30761 40697 71458 
30761 40696 71457 
30761 40697 71458 
30759 40695 71454 
30759 40695 71454 
30759 40696 71455 
30759 40695 71454 
30759 40695 71454 
30758 40695 71453 
30758 40695 71453 
30758 40695 71453 
30758 40695 71453 
30758 40695 71453 
30758 40695 71453 
