4037 62985 67022 
4037 62984 67021 
4037 62984 67021 
4037 62984 67021 
4037 62983 67020 
4037 62984 67021 
4037 62984 67021 
4036 62980 67016 
4031 62980 67011 
3996 62956 66952 
3928 62901 66829 
3749 62772 66521 
3459 62520 65979 
3073 62152 65225 
2605 61684 64289 
2037 61106 63143 
1402 60364 61766 
731 59592 60323 
65527 58812 124339 
64697 58140 122837 
63970 57492 121462 
63352 56723 120075 
62657 55962 118619 
61964 55309 117273 
61409 54696 116105 
60873 54105 114978 
60268 53505 113773 
59605 52877 112482 
58884 52193 111077 
58001 51361 109362 
57074 50479 107553 
56168 49593 105761 
55271 48704 103975 
54397 47812 102209 
53448 46850 100298 
52574 45942 98516 
51719 45050 96769 
50942 44242 95184 
50230 43511 93741 
49485 42779 92264 
48765 42095 90860 
48070 41430 89500 
47315 40693 88008 
46474 39880 86354 
45577 38999 84576 
44704 38131 82835 
43892 37286 81178 
43040 36396 79436 
42211 35541 77752 
41430 34709 76139 
40703 33978 74681 
40059 33331 73390 
39303 32656 71959 
38612 32007 70619 
37872 31282 69154 
37060 30457 67517 
36155 29528 65683 
35260 28632 63892 
34416 27784 62200 
33579 26949 60528 
32811 26184 58995 
32027 25421 57448 
31251 24668 55919 
30527 23959 54486 
29875 23311 53186 
29341 22784 52125 
28808 22256 51064 
28331 21784 50115 
27823 21281 49104 
27317 20758 48075 
26816 20236 47052 
26221 19636 45857 
25768 19211 44979 
25219 18743 43962 
24654 18349 43003 
24064 18087 42151 
23480 17936 41416 
22944 17939 40883 
22336 17993 40329 
21632 18029 39661 
20888 18077 38965 
20150 18182 38332 
19450 18354 37804 
18740 18553 37293 
17930 18770 36700 
17136 18975 36111 
16385 19126 35511 
15711 19238 34949 
15046 19354 34400 
14388 19452 33840 
13723 19523 33246 
13134 19587 32721 
12597 19637 32234 
12095 19659 31754 
11598 19684 31282 
11159 19715 30874 
10937 19643 30580 
10883 19545 30428 
10861 19483 30344 
10845 19481 30326 
10841 19483 30324 
10832 19473 30305 
10776 19392 30168 
10593 19162 29755 
10235 18843 29078 
9723 18455 28178 
9168 17957 27125 
8505 17296 25801 
7734 16553 24287 
6787 15716 22503 
5866 14871 20737 
4903 13937 18840 
4066 13143 17209 
3202 12305 15507 
2450 11550 14000 
1726 10829 12555 
1047 10135 11182 
318 9374 9692 
65061 8586 73647 
64125 7665 71790 
63112 6682 69794 
62032 5604 67636 
60923 4480 65403 
59857 3419 63276 
58844 2388 61232 
57921 1436 59357 
57085 578 57663 
56333 65363 121696 
55584 64628 120212 
54797 63876 118673 
54093 63188 117281 
53259 62364 115623 
52355 61449 113804 
51312 60462 111774 
50282 59473 109755 
49299 58518 107817 
48310 57569 105879 
47302 56649 103951 
46412 55856 102268 
45627 55126 100753 
44919 54411 99330 
44242 53681 97923 
43455 52861 96316 
42610 51983 94593 
41700 51023 92723 
40749 50044 90793 
39817 49130 88947 
39008 48313 87321 
38270 47586 85856 
37603 46947 84550 
36976 46356 83332 
36437 45853 82290 
36016 45428 81444 
35631 45027 80658 
35243 44660 79903 
34872 44303 79175 
34556 44001 78557 
34162 43623 77785 
33737 43389 77126 
33205 43283 76488 
32496 43285 75781 
31515 43231 74746 
30512 43250 73762 
29521 43290 72811 
28476 43284 71760 
27382 43271 70653 
26153 43263 69416 
24936 43316 68252 
23866 43401 67267 
22975 43455 66430 
21928 43474 65402 
21169 43569 64738 
20484 43608 64092 
19961 43633 63594 
19539 43660 63199 
19227 43797 63024 
18965 44057 63022 
18826 44322 63148 
18762 44425 63187 
18681 44332 63013 
18478 44106 62584 
18155 43667 61822 
17745 43097 60842 
17250 42558 59808 
16745 42068 58813 
16292 41583 57875 
15874 41130 57004 
15366 40611 55977 
14805 39995 54800 
14154 39287 53441 
13377 38447 51824 
12531 37539 50070 
11632 36584 48216 
10722 35652 46374 
9842 34745 44587 
8961 33855 42816 
8139 33023 41162 
7296 32164 39460 
6464 31320 37784 
5539 30435 35974 
4529 29499 34028 
3550 28587 32137 
2538 27629 30167 
1609 26753 28362 
803 25925 26728 
85 25143 25228 
64975 24456 89431 
64387 23845 88232 
63804 23251 87055 
63134 22596 85730 
62467 21943 84410 
61735 21202 82937 
60927 20363 81290 
60040 19449 79489 
59122 18508 77630 
58190 17576 75766 
57252 16635 73887 
56335 15711 72046 
55517 14877 70394 
54719 14093 68812 
53969 13354 67323 
53243 12643 65886 
52518 11952 64470 
51767 11255 63022 
50997 10559 61556 
50191 9813 60004 
49424 9095 58519 
48583 8272 56855 
47831 7521 55352 
47071 6766 53837 
46362 6045 52407 
45750 5365 51115 
45176 4709 49885 
44665 4146 48811 
44149 3606 47755 
43650 3131 46781 
43147 2622 45769 
42649 2115 44764 
42084 1559 43643 
41433 925 42358 
40873 444 41317 
40368 165 40533 
39890 54 39944 
39375 80 39455 
38777 175 38952 
38096 337 38433 
37367 578 37945 
36575 863 37438 
35788 1221 37009 
35028 1620 36648 
34343 2019 36362 
33713 2412 36125 
33107 2804 35911 
32486 3143 35629 
31883 3427 35310 
31330 3658 34988 
30765 3769 34534 
30223 3824 34047 
29669 3822 33491 
29129 3742 32871 
28685 3626 32311 
28322 3451 31773 
28003 3243 31246 
27666 2971 30637 
27303 2626 29929 
26945 2256 29201 
26528 1831 28359 
26132 1378 27510 
25701 903 26604 
25219 390 25609 
24632 65339 89971 
23969 64645 88614 
23218 63922 87140 
22446 63157 85603 
21623 62361 83984 
20865 61635 82500 
20110 60903 81013 
19395 60201 79596 
18626 59430 78056 
17767 58571 76338 
16862 57674 74536 
15839 56645 72484 
14770 55569 70339 
13705 54483 68188 
12718 53469 66187 
11809 52555 64364 
10939 51672 62611 
10079 50831 60910 
9263 50042 59305 
8436 49235 57671 
7545 48332 55877 
6572 47322 53894 
5559 46299 51858 
4567 45309 49876 
3571 44313 47884 
2623 43349 45972 
1707 42400 44107 
930 41591 42521 
87 40745 40832 
64792 39984 104776 
63911 39184 103095 
63035 38359 101394 
62106 37447 99553 
61114 36447 97561 
60116 35471 95587 
59174 34538 93712 
58277 33670 91947 
57455 32889 90344 
56760 32190 88950 
56099 31543 87642 
55482 30933 86415 
54876 30321 85197 
54304 29743 84047 
53707 29148 82855 
52994 28422 81416 
52330 27776 80106 
51650 27078 78728 
50977 26389 77366 
50338 25747 76085 
49790 25174 74964 
49462 24878 74340 
49213 24750 73963 
48993 24706 73699 
48743 24696 73439 
48382 24693 73075 
47881 24698 72579 
47220 24733 71953 
46456 24809 71265 
45567 24952 70519 
44641 25092 69733 
43779 25242 69021 
43019 25408 68427 
42341 25568 67909 
41691 25708 67399 
41095 25850 66945 
40466 25969 66435 
39837 26143 65980 
39194 26357 65551 
38574 26579 65153 
37982 26769 64751 
37440 26921 64361 
36980 27037 64017 
36576 27095 63671 
36279 27247 63526 
36080 27441 63521 
36020 27632 63652 
36025 27698 63723 
36024 27647 63671 
36025 27554 63579 
36026 27461 63487 
36029 27390 63419 
36029 27329 63358 
36028 27324 63352 
36027 27331 63358 
36026 27328 63354 
36026 27330 63356 
36023 27329 63352 
36023 27329 63352 
36022 27329 63351 
36022 27329 63351 
36022 27329 63351 
36022 27329 63351 
36022 27329 63351 
36022 27329 63351 
