44903 41279 86182 
44903 41279 86182 
44903 41279 86182 
44903 41279 86182 
44903 41279 86182 
44903 41279 86182 
44903 41279 86182 
44903 41279 86182 
44903 41279 86182 
44903 41279 86182 
44902 41277 86179 
44902 41273 86175 
44898 41262 86160 
44886 41251 86137 
44852 41209 86061 
44765 41114 85879 
44635 40941 85576 
44431 40699 85130 
44154 40409 84563 
43854 40089 83943 
43530 39742 83272 
43190 39386 82576 
42817 39034 81851 
42438 38769 81207 
42013 38506 80519 
41517 38173 79690 
41049 37649 78698 
40717 37008 77725 
40331 36448 76779 
39892 36060 75952 
39392 35584 74976 
38943 35116 74059 
38402 34595 72997 
37927 34109 72036 
37428 33602 71030 
36906 33101 70007 
36424 32628 69052 
35971 32181 68152 
35521 31739 67260 
35042 31273 66315 
34535 30749 65284 
33940 30161 64101 
33338 29535 62873 
32714 28908 61622 
32098 28283 60381 
31481 27647 59128 
30902 27027 57929 
30326 26428 56754 
29727 25808 55535 
29092 25147 54239 
28381 24430 52811 
27679 23733 51412 
26904 22976 49880 
26125 22213 48338 
25378 21457 46835 
24713 20769 45482 
24015 20060 44075 
23319 19362 42681 
22599 18672 41271 
21866 17962 39828 
21189 17329 38518 
20567 16718 37285 
19991 16179 36170 
19426 15659 35085 
18949 15236 34185 
18538 14859 33397 
18157 14500 32657 
17774 14121 31895 
17354 13705 31059 
16855 13172 30027 
16296 12564 28860 
15724 11938 27662 
15095 11240 26335 
14459 10561 25020 
13827 9945 23772 
13225 9337 22562 
12666 8773 21439 
12071 8179 20250 
11439 7554 18993 
10821 6932 17753 
10124 6227 16351 
9419 5518 14937 
8791 4876 13667 
8129 4180 12309 
7552 3569 11121 
6967 2943 9910 
6465 2401 8866 
5980 1905 7885 
5464 1400 6864 
4798 795 5593 
4087 155 4242 
3354 65031 68385 
2642 64429 67071 
1932 63973 65905 
1264 63600 64864 
506 63211 63717 
65391 63012 128403 
64689 62797 127486 
63942 62550 126492 
63200 62308 125508 
62439 62036 124475 
61661 61773 123434 
60865 61578 122443 
60187 61438 121625 
59632 61379 121011 
59019 61299 120318 
58353 61266 119619 
57613 61230 118843 
56831 61214 118045 
56072 61216 117288 
55390 61216 116606 
54737 61214 115951 
54059 61217 115276 
53370 61217 114587 
52716 61214 113930 
52055 61215 113270 
51436 61197 112633 
50853 61196 112049 
50402 61194 111596 
50026 61196 111222 
49686 61199 110885 
49380 61233 110613 
49120 61236 110356 
48993 61157 110150 
48866 60971 109837 
48691 60739 109430 
48429 60563 108992 
48101 60371 108472 
47676 60069 107745 
47130 59542 106672 
46624 58989 105613 
46057 58336 104393 
45511 57706 103217 
44870 56997 101867 
44322 56363 100685 
43781 55756 99537 
43296 55242 98538 
42739 54726 97465 
42138 54201 96339 
41486 53607 95093 
40814 53007 93821 
40101 52352 92453 
39343 51644 90987 
38582 50908 89490 
37833 50165 87998 
37075 49396 86471 
36358 48666 85024 
35711 47989 83700 
35098 47378 82476 
34467 46729 81196 
33743 46005 79748 
32953 45218 78171 
32139 44385 76524 
31265 43461 74726 
30291 42419 72710 
29296 41415 70711 
28262 40419 68681 
27244 39426 66670 
26291 38471 64762 
25434 37541 62975 
24804 36789 61593 
24177 36106 60283 
23647 35526 59173 
23127 34967 58094 
22619 34471 57090 
22068 33943 56011 
21457 33351 54808 
20814 32747 53561 
20147 32117 52264 
19505 31496 51001 
18901 30896 49797 
18321 30384 48705 
17756 29872 47628 
17253 29406 46659 
16743 28918 45661 
16203 28424 44627 
15668 27941 43609 
15146 27448 42594 
14655 26972 41627 
14207 26551 40758 
13822 26148 39970 
13499 25807 39306 
13199 25452 38651 
12897 25106 38003 
12582 24747 37329 
12283 24393 36676 
11880 23957 35837 
11376 23461 34837 
10881 22962 33843 
10417 22543 32960 
9835 22105 31940 
9179 21726 30905 
8505 21481 29986 
7792 21423 29215 
6992 21314 28306 
6254 21271 27525 
5548 21266 26814 
4781 21266 26047 
3961 21268 25229 
3117 21290 24407 
2255 21303 23558 
1521 21363 22884 
840 21441 22281 
177 21499 21676 
65065 21535 86600 
64460 21561 86021 
63687 21537 85224 
62648 21482 84130 
61865 21467 83332 
61204 21457 82661 
60644 21357 82001 
60099 21279 81378 
59482 21171 80653 
58909 21043 79952 
58467 20863 79330 
58090 20579 78669 
57712 20252 77964 
57287 19863 77150 
56888 19501 76389 
56474 19102 75576 
56038 18697 74735 
55556 18195 73751 
55102 17701 72803 
54546 17051 71597 
54012 16436 70448 
53467 15705 69172 
52835 15012 67847 
52105 14299 66404 
51393 13561 64954 
50647 12801 63448 
49925 12088 62013 
49233 11394 60627 
48693 10818 59511 
48077 10196 58273 
47452 9523 56975 
46776 8837 55613 
46044 8105 54149 
45208 7261 52469 
44377 6403 50780 
43474 5509 48983 
42550 4614 47164 
41651 3740 45391 
40755 2886 43641 
39955 2124 42079 
39170 1354 40524 
38399 556 38955 
37615 65309 102924 
36769 64449 101218 
35903 63559 99462 
34930 62573 97503 
33945 61580 95525 
32908 60561 93469 
31937 59587 91524 
31024 58646 89670 
30204 57843 88047 
29553 57202 86755 
28902 56567 85469 
28319 55993 84312 
27713 55381 83094 
27099 54786 81885 
26491 54170 80661 
25977 53653 79630 
25355 53028 78383 
24749 52452 77201 
24113 51843 75956 
23471 51230 74701 
22836 50622 73458 
22188 49988 72176 
21504 49310 70814 
20814 48605 69419 
20189 48015 68204 
19647 47493 67140 
19134 46965 66099 
18654 46464 65118 
18129 45958 64087 
17529 45388 62917 
16932 44905 61837 
16362 44584 60946 
15856 44471 60327 
15308 44467 59775 
14695 44565 59260 
14040 44742 58782 
13344 44929 58273 
12617 45054 57671 
11854 45138 56992 
11022 45210 56232 
10172 45290 55462 
9379 45405 54784 
8638 45526 54164 
7945 45626 53571 
7339 45700 53039 
6796 45734 52530 
6264 45775 52039 
5718 45808 51526 
5154 45835 50989 
4699 45879 50578 
4340 45989 50329 
3981 46013 49994 
3589 45954 49543 
3121 45864 48985 
2665 45814 48479 
2304 45787 48091 
2074 45733 47807 
2018 45683 47701 
2014 45624 47638 
1935 45517 47452 
1733 45279 47012 
1375 44941 46316 
877 44521 45398 
289 44024 44313 
65264 43501 108765 
64756 43029 107785 
64302 42593 106895 
63844 42143 105987 
63381 41622 105003 
62933 41112 104045 
62443 40562 103005 
61928 40010 101938 
61407 39441 100848 
60803 38801 99604 
60125 38116 98241 
59442 37456 96898 
58816 36849 95665 
58154 36241 94395 
57496 35610 93106 
56793 34937 91730 
56130 34303 90433 
55468 33689 89157 
54840 33094 87934 
54173 32471 86644 
53434 31765 85199 
52615 30968 83583 
51806 30116 81922 
51011 29273 80284 
50231 28420 78651 
49453 27636 77089 
48646 26826 75472 
47878 26069 73947 
47178 25360 72538 
46569 24736 71305 
45955 24087 70042 
45307 23429 68736 
44543 22641 67184 
43773 21858 65631 
42966 21019 63985 
42182 20194 62376 
41333 19300 60633 
40468 18428 58896 
39592 17529 57121 
38820 16712 55532 
38111 15958 54069 
37428 15237 52665 
36743 14538 51281 
36035 13852 49887 
35332 13178 48510 
34590 12475 47065 
33832 11758 45590 
33114 11082 44196 
32378 10386 42764 
31684 9732 41416 
31007 9057 40064 
30355 8437 38792 
29771 7863 37634 
29396 7508 36904 
28959 7083 36042 
28614 6751 35365 
28224 6357 34581 
27821 5949 33770 
27315 5450 32765 
26908 5054 31962 
26534 4715 31249 
26122 4382 30504 
25641 4056 29697 
25125 3840 28965 
24536 3691 28227 
23887 3607 27494 
23192 3565 26757 
22588 3579 26167 
21953 3587 25540 
21293 3655 24948 
20547 3743 24290 
19672 3838 23510 
18736 3926 22662 
17848 4031 21879 
17029 4114 21143 
16306 4199 20505 
15595 4255 19850 
14919 4324 19243 
14238 4408 18646 
13581 4497 18078 
13025 4656 17681 
12577 4829 17406 
12221 5014 17235 
11946 5206 17152 
11743 5420 17163 
11536 5641 17177 
11433 5713 17146 
11432 5631 17063 
11432 5511 16943 
11421 5451 16872 
11416 5451 16867 
11416 5453 16869 
11416 5452 16868 
11417 5453 16870 
11416 5452 16868 
11416 5453 16869 
11415 5453 16868 
11415 5453 16868 
11414 5453 16867 
11414 5453 16867 
11413 5453 16866 
11413 5453 16866 
11413 5453 16866 
11413 5453 16866 
11413 5453 16866 
11413 5453 16866 
