0 0 0 
0 0 0 
0 0 0 
0 0 0 
0 0 0 
0 0 0 
0 0 0 
0 0 0 
0 1 1 
1 1 2 
2 2 4 
2 8 10 
2 5 7 
1 65530 65531 
1 65527 65528 
65534 65498 131032 
65511 65445 130956 
65459 65380 130839 
65363 65248 130611 
65161 65011 130172 
64885 64687 129572 
64534 64299 128833 
64128 63902 128030 
63599 63406 127005 
62994 62845 125839 
62349 62239 124588 
61694 61656 123350 
60969 61003 121972 
60204 60293 120497 
59486 59560 119046 
58721 58739 117460 
57940 57906 115846 
57259 57181 114440 
56633 56478 113111 
56019 55796 111815 
55379 55135 110514 
54756 54570 109326 
54155 54003 108158 
53596 53473 107069 
53021 52916 105937 
52408 52339 104747 
51755 51728 103483 
51065 51095 102160 
50411 50393 100804 
49814 49715 99529 
49240 49108 98348 
48725 48569 97294 
48232 48038 96270 
47771 47548 95319 
47323 47105 94428 
46852 46615 93467 
46352 46100 92452 
45743 45488 91231 
45184 44939 90123 
44673 44399 89072 
44317 43989 88306 
44091 43560 87651 
43892 43046 86938 
43719 42406 86125 
43565 41594 85159 
43527 40625 84152 
43533 39612 83145 
43549 38615 82164 
43550 37752 81302 
43543 36895 80438 
43538 36027 79565 
43538 35190 78728 
43540 34481 78021 
43574 33904 77478 
43596 33313 76909 
43688 32677 76365 
43831 31970 75801 
44018 31319 75337 
44299 30684 74983 
44588 30100 74688 
44767 29624 74391 
44856 29379 74235 
44854 29189 74043 
44845 28945 73790 
44798 28701 73499 
44558 28523 73081 
44212 28321 72533 
43798 27892 71690 
43334 27306 70640 
42705 26650 69355 
41828 25832 67660 
40761 24875 65636 
39615 23768 63383 
38436 22597 61033 
37235 21369 58604 
36059 20159 56218 
34963 19051 54014 
33894 17991 51885 
32970 17075 50045 
32084 16189 48273 
31197 15321 46518 
30331 14435 44766 
29449 13502 42951 
28446 12438 40884 
27356 11259 38615 
26119 9998 36117 
24896 8713 33609 
23689 7477 31166 
22583 6365 28948 
21622 5401 27023 
20793 4593 25386 
20010 3833 23843 
19272 3116 22388 
18454 2328 20782 
17493 1415 18908 
16397 349 16746 
15233 64723 79956 
14019 63509 77528 
12882 62362 75244 
11841 61324 73165 
10922 60415 71337 
10119 59589 69708 
9445 58888 68333 
8809 58224 67033 
8247 57620 65867 
7618 56955 64573 
6874 56169 63043 
6037 55287 61324 
5189 54434 59623 
4363 53539 57902 
3620 52747 56367 
2936 52015 54951 
2332 51292 53624 
2033 50794 52827 
1891 50301 52192 
1864 49782 51646 
1852 49137 50989 
1875 48395 50270 
1930 47624 49554 
1931 46723 48654 
1931 45741 47672 
1931 44643 46574 
1954 43527 45481 
2048 42519 44567 
2235 41621 43856 
2465 40746 43211 
2814 39947 42761 
3198 39199 42397 
3569 38415 41984 
3942 37857 41799 
3947 37462 41409 
3798 37319 41117 
3677 37233 40910 
3628 37203 40831 
3629 37173 40802 
3613 37132 40745 
3520 37017 40537 
3358 36750 40108 
3112 36421 39533 
2776 35917 38693 
2315 35324 37639 
1761 34735 36496 
1262 34181 35443 
813 33734 34547 
253 33185 33438 
65240 32638 97878 
64613 32052 96665 
63830 31367 95197 
62972 30546 93518 
62082 29696 91778 
61124 28804 89928 
60143 27878 88021 
59192 26950 86142 
58305 26063 84368 
57509 25224 82733 
56794 24434 81228 
56058 23679 79737 
55306 22921 78227 
54521 22088 76609 
53660 21172 74832 
52690 20154 72844 
51641 19072 70713 
50654 18049 68703 
49616 16975 66591 
48674 15967 64641 
47812 15079 62891 
47025 14312 61337 
46210 13547 59757 
45383 12775 58158 
44526 11965 56491 
43571 11070 54641 
42536 10071 52607 
41540 9077 50617 
40463 8015 48478 
39450 7014 46464 
38452 6006 44458 
37548 5111 42659 
36749 4307 41056 
36010 3548 39558 
35310 2844 38154 
34579 2082 36661 
33863 1339 35202 
33048 467 33515 
32131 65073 97204 
31171 64123 95294 
30240 63186 93426 
29459 62342 91801 
28818 61662 90480 
28289 61106 89395 
27870 60645 88515 
27517 60238 87755 
27234 59888 87122 
27057 59553 86610 
27040 59202 86242 
27040 58695 85735 
27041 58064 85105 
27045 57385 84430 
27043 56636 83679 
27044 55862 82906 
27062 55030 82092 
27130 54155 81285 
27225 53219 80444 
27414 52357 79771 
27609 51475 79084 
27827 50568 78395 
28071 49667 77738 
28302 48845 77147 
28510 48134 76644 
28673 47487 76160 
28799 46871 75670 
28955 46323 75278 
28985 45835 74820 
28962 45556 74518 
28878 45377 74255 
28613 45206 73819 
28097 44946 73043 
27568 44467 72035 
27175 43968 71143 
26824 43497 70321 
26433 43090 69523 
25945 42679 68624 
25324 42137 67461 
24765 41635 66400 
24187 41065 65252 
23631 40481 64112 
23068 39841 62909 
22433 39170 61603 
21684 38454 60138 
20831 37705 58536 
19948 36917 56865 
19102 36129 55231 
18263 35280 53543 
17504 34445 51949 
16748 33570 50318 
15954 32667 48621 
15189 31863 47052 
14467 31112 45579 
13754 30343 44097 
13022 29558 42580 
12235 28764 40999 
11310 27897 39207 
10227 26892 37119 
9103 25832 34935 
7981 24767 32748 
6877 23683 30560 
5843 22638 28481 
4960 21737 26697 
4202 20908 25110 
3575 20229 23804 
2982 19575 22557 
2415 18962 21377 
1810 18349 20159 
1156 17706 18862 
430 17031 17461 
65169 16270 81439 
64391 15503 79894 
63552 14708 78260 
62693 13850 76543 
61914 13072 74986 
61172 12293 73465 
60516 11601 72117 
59889 10945 70834 
59305 10339 69644 
58706 9705 68411 
58134 9116 67250 
57513 8442 65955 
56831 7696 64527 
56076 6931 63007 
55372 6277 61649 
54686 5594 60280 
54230 5089 59319 
53823 4579 58402 
53517 4123 57640 
53337 3674 57011 
53282 3137 56419 
53237 2518 55755 
53236 1915 55151 
53237 1319 54556 
53239 736 53975 
53238 90 53328 
53239 64892 118131 
53241 64053 117294 
53276 63240 116516 
53289 62564 115853 
53304 61753 115057 
53352 60951 114303 
53412 60202 113614 
53488 59462 112950 
53508 58624 112132 
53511 57775 111286 
53513 56961 110474 
53509 56243 109752 
53447 55698 109145 
53409 55295 108704 
53321 54949 108270 
53140 54676 107816 
52881 54425 107306 
52580 54097 106677 
52238 53683 105921 
51923 53293 105216 
51567 52879 104446 
51132 52441 103573 
50605 51920 102525 
49991 51301 101292 
49308 50560 99868 
48591 49791 98382 
47768 48880 96648 
46986 47999 94985 
46165 47061 93226 
45389 46178 91567 
44606 45333 89939 
43853 44549 88402 
43129 43830 86959 
42509 43208 85717 
41891 42602 84493 
41348 42088 83436 
40814 41501 82315 
40306 40885 81191 
39749 40178 79927 
39210 39518 78728 
38663 38887 77550 
38066 38233 76299 
37466 37652 75118 
36921 37140 74061 
36424 36642 73066 
35990 36194 72184 
35544 35731 71275 
35096 35253 70349 
34734 34859 69593 
34384 34521 68905 
34086 34194 68280 
33762 33846 67608 
33385 33471 66856 
33021 33106 66127 
32626 32705 65331 
32255 32333 64588 
31846 31934 63780 
31498 31579 63077 
31211 31283 62494 
31087 31164 62251 
31082 31164 62246 
31083 31180 62263 
31082 31177 62259 
31082 31179 62261 
31082 31181 62263 
31082 31181 62263 
31082 31181 62263 
31082 31181 62263 
31082 31182 62264 
31082 31182 62264 
31082 31182 62264 
31083 31185 62268 
31083 31187 62270 
