21482 53417 74899 
21482 53417 74899 
21482 53417 74899 
21482 53417 74899 
21482 53417 74899 
21482 53417 74899 
21482 53418 74900 
21482 53416 74898 
21482 53417 74899 
21481 53418 74899 
21482 53417 74899 
21481 53404 74885 
21481 53339 74820 
21480 53218 74698 
21475 53122 74597 
21475 53062 74537 
21462 52964 74426 
21398 52823 74221 
21291 52693 73984 
21162 52648 73810 
21012 52616 73628 
20832 52527 73359 
20665 52329 72994 
20423 52083 72506 
20029 51858 71887 
19635 51699 71334 
19350 51413 70763 
19153 51124 70277 
18992 50976 69968 
18912 50874 69786 
18812 50761 69573 
18706 50654 69360 
18622 50546 69168 
18487 50380 68867 
18319 50193 68512 
18084 49951 68035 
17745 49621 67366 
17298 49168 66466 
16812 48680 65492 
16288 48170 64458 
15777 47663 63440 
15379 47268 62647 
14932 46830 61762 
14477 46376 60853 
13960 45845 59805 
13494 45388 58882 
13027 44948 57975 
12647 44549 57196 
12259 44153 56412 
11863 43751 55614 
11538 43420 54958 
11226 43115 54341 
10889 42799 53688 
10558 42485 53043 
10172 42153 52325 
9770 41869 51639 
9339 41593 50932 
8741 41228 49969 
8052 40846 48898 
7455 40527 47982 
6855 40163 47018 
6213 39714 45927 
5540 39199 44739 
4916 38722 43638 
4291 38301 42592 
3713 37953 41666 
3185 37633 40818 
2720 37339 40059 
2217 37031 39248 
1681 36672 38353 
1057 36191 37248 
356 35615 35971 
65343 35103 100446 
64734 34557 99291 
64027 33938 97965 
63379 33331 96710 
62710 32729 95439 
62009 32103 94112 
61396 31523 92919 
60812 30972 91784 
60266 30466 90732 
59789 29997 89786 
59296 29534 88830 
58817 29100 87917 
58266 28656 86922 
57688 28194 85882 
57160 27741 84901 
56630 27259 83889 
56093 26751 82844 
55524 26206 81730 
55069 25769 80838 
54471 25278 79749 
53919 24885 78804 
53258 24497 77755 
52619 24199 76818 
52008 23985 75993 
51410 23854 75264 
50816 23797 74613 
50193 23763 73956 
49519 23682 73201 
48762 23566 72328 
47967 23472 71439 
47153 23392 70545 
46444 23358 69802 
45740 23320 69060 
45055 23300 68355 
44312 23289 67601 
43519 23255 66774 
42700 23208 65908 
42020 23193 65213 
41483 23143 64626 
41095 23055 64150 
40796 22893 63689 
40558 22656 63214 
40296 22403 62699 
39950 22155 62105 
39667 21940 61607 
39458 21729 61187 
39172 21422 60594 
38779 21037 59816 
38340 20542 58882 
37859 19967 57826 
37254 19303 56557 
36604 18619 55223 
35930 17900 53830 
35312 17209 52521 
34651 16519 51170 
34008 15884 49892 
33415 15300 48715 
32803 14712 47515 
32271 14231 46502 
31768 13749 45517 
31290 13265 44555 
30742 12708 43450 
30063 12013 42076 
29320 11255 40575 
28529 10455 38984 
27754 9675 37429 
26907 8833 35740 
26206 8109 34315 
25555 7426 32981 
24975 6847 31822 
24453 6338 30791 
23967 5869 29836 
23501 5392 28893 
23058 4927 27985 
22687 4553 27240 
22357 4210 26567 
22063 3909 25972 
21759 3603 25362 
21394 3219 24613 
20914 2706 23620 
20323 2091 22414 
19572 1318 20890 
18776 526 19302 
17943 65198 83141 
17071 64309 81380 
16276 63500 79776 
15509 62740 78249 
14827 62056 76883 
14204 61445 75649 
13641 60891 74532 
13094 60350 73444 
12596 59848 72444 
12037 59306 71343 
11347 58674 70021 
10651 58023 68674 
9991 57416 67407 
9355 56812 66167 
8761 56260 65021 
8293 55825 64118 
7808 55400 63208 
7393 55075 62468 
7016 54778 61794 
6649 54507 61156 
6267 54242 60509 
5858 53961 59819 
5466 53628 59094 
5332 53408 58740 
5244 53177 58421 
5072 52932 58004 
4866 52700 57566 
4641 52535 57176 
4354 52459 56813 
3977 52353 56330 
3515 52236 55751 
3020 52229 55249 
2462 52229 54691 
1844 52213 54057 
1175 52215 53390 
456 52215 52671 
65213 52223 117436 
64440 52306 116746 
63713 52409 116122 
62991 52485 115476 
62273 52559 114832 
61546 52647 114193 
60814 52777 113591 
60083 52972 113055 
59388 53249 112637 
58687 53456 112143 
58109 53611 111720 
57616 53704 111320 
57214 53759 110973 
56818 53770 110588 
56405 53778 110183 
55929 53731 109660 
55441 53536 108977 
55026 53236 108262 
54648 52868 107516 
54145 52394 106539 
53523 51824 105347 
52929 51219 104148 
52349 50608 102957 
51882 50124 102006 
51412 49634 101046 
50954 49199 100153 
50397 48675 99072 
49774 48074 97848 
49042 47343 96385 
48211 46497 94708 
47328 45600 92928 
46373 44656 91029 
45475 43726 89201 
44643 42835 87478 
43857 42032 85889 
43186 41347 84533 
42554 40735 83289 
41988 40173 82161 
41472 39653 81125 
40869 39093 79962 
40231 38485 78716 
39438 37743 77181 
38555 36911 75466 
37613 36002 73615 
36665 35068 71733 
35712 34155 69867 
34820 33265 68085 
34061 32469 66530 
33442 31819 65261 
32928 31282 64210 
32483 30814 63297 
32166 30477 62643 
31870 30167 62037 
31624 29916 61540 
31394 29675 61069 
31323 29599 60922 
31212 29496 60708 
30890 29172 60062 
30535 28813 59348 
30087 28338 58425 
29626 27881 57507 
28971 27336 56307 
28337 26914 55251 
27592 26467 54059 
26738 26051 52789 
25838 25766 51604 
24987 25637 50624 
24221 25627 49848 
23316 25602 48918 
22325 25613 47938 
21251 25629 46880 
20212 25687 45899 
19269 25778 45047 
18444 25890 44334 
17710 25994 43704 
17050 26100 43150 
16432 26199 42631 
15891 26302 42193 
15390 26419 41809 
14983 26507 41490 
14621 26612 41233 
14297 26782 41079 
14016 27007 41023 
13780 27241 41021 
13550 27432 40982 
13348 27610 40958 
13173 27725 40898 
13080 27731 40811 
13015 27625 40640 
12868 27423 40291 
12679 27039 39718 
12421 26592 39013 
12025 26201 38226 
11520 25783 37303 
10922 25191 36113 
10223 24478 34701 
9388 23594 32982 
8517 22709 31226 
7623 21760 29383 
6810 20863 27673 
5968 19996 25964 
5109 19151 24260 
4328 18377 22705 
3565 17641 21206 
2822 16905 19727 
2022 16109 18131 
1128 15229 16357 
132 14283 14415 
64649 13229 77878 
63670 12196 75866 
62725 11182 73907 
61824 10248 72072 
60896 9303 70199 
60062 8451 68513 
59410 7789 67199 
58765 7142 65907 
58111 6510 64621 
57488 5882 63370 
56811 5173 61984 
56074 4382 60456 
55269 3545 58814 
54298 2597 56895 
53321 1667 54988 
52396 775 53171 
51527 65480 117007 
50724 64709 115433 
49996 64029 114025 
49293 63345 112638 
48635 62714 111349 
47931 62038 109969 
47237 61371 108608 
46391 60568 106959 
45506 59712 105218 
44491 58671 103162 
43522 57670 101192 
42623 56702 99325 
41831 55801 97632 
41084 54944 96028 
40451 54189 94640 
39856 53513 93369 
39325 52920 92245 
38816 52385 91201 
38349 51903 90252 
37813 51324 89137 
37321 50797 88118 
36747 50249 86996 
36204 49884 86088 
35587 49614 85201 
34922 49423 84345 
34235 49343 83578 
33495 49339 82834 
32713 49339 82052 
31950 49389 81339 
31131 49459 80590 
30232 49499 79731 
29240 49545 78785 
28410 49653 78063 
27684 49797 77481 
27086 50011 77097 
26454 50237 76691 
25771 50460 76231 
25086 50707 75793 
24383 50893 75276 
23699 51027 74726 
23175 51133 74308 
22760 51148 73908 
22512 51108 73620 
22365 51092 73457 
22289 51104 73393 
22255 51111 73366 
22242 51131 73373 
22184 51173 73357 
22084 51226 73310 
21929 51264 73193 
21746 51319 73065 
21567 51362 72929 
21466 51356 72822 
21428 51344 72772 
21397 51346 72743 
21350 51352 72702 
21338 51353 72691 
21339 51353 72692 
21340 51349 72689 
21339 51302 72641 
21338 51289 72627 
21338 51290 72628 
21337 51289 72626 
21335 51289 72624 
21335 51289 72624 
21334 51288 72622 
21334 51288 72622 
21334 51288 72622 
21334 51288 72622 
21334 51288 72622 
21334 51288 72622 
21334 51288 72622 
21334 51288 72622 
21334 51288 72622 
21334 51288 72622 
