43863 40238 84101 
43863 40238 84101 
43863 40238 84101 
43863 40238 84101 
43862 40237 84099 
43863 40234 84097 
43863 40236 84099 
43863 40236 84099 
43863 40234 84097 
43863 40214 84077 
43864 40165 84029 
43864 40101 83965 
43863 40017 83880 
43863 39886 83749 
43862 39728 83590 
43806 39504 83310 
43656 39251 82907 
43391 38984 82375 
43034 38613 81647 
42556 38197 80753 
41979 37926 79905 
41427 37594 79021 
41112 37220 78332 
40801 36912 77713 
40436 36603 77039 
40063 36264 76327 
39642 35874 75516 
39180 35440 74620 
38617 34921 73538 
38005 34350 72355 
37349 33721 71070 
36748 33167 69915 
36115 32527 68642 
35524 31927 67451 
35033 31369 66402 
34562 30863 65425 
34103 30369 64472 
33628 29857 63485 
33177 29350 62527 
32688 28797 61485 
32295 28353 60648 
31898 27911 59809 
31482 27435 58917 
30988 26862 57850 
30554 26227 56781 
30215 25450 55665 
30030 24531 54561 
30003 23526 53529 
30069 22543 52612 
30172 21602 51774 
30280 20730 51010 
30403 19837 50240 
30582 18890 49472 
30812 17959 48771 
31093 17162 48255 
31379 16551 47930 
31629 16059 47688 
31843 15601 47444 
32110 15121 47231 
32373 14631 47004 
32681 14144 46825 
33015 13689 46704 
33263 13273 46536 
33292 12955 46247 
33108 12760 45868 
32849 12656 45505 
32605 12532 45137 
32403 12271 44674 
32140 11855 43995 
31762 11420 43182 
31266 10937 42203 
30615 10302 40917 
29906 9593 39499 
29100 8785 37885 
28276 7963 36239 
27360 7038 34398 
26395 6080 32475 
25406 5093 30499 
24414 4089 28503 
23458 3174 26632 
22584 2344 24928 
21767 1587 23354 
20918 803 21721 
20059 32 20091 
19207 64756 83963 
18373 63904 82277 
17414 62907 80321 
16385 61859 78244 
15315 60769 76084 
14280 59719 73999 
13301 58727 72028 
12550 57973 70523 
11891 57354 69245 
11268 56771 68039 
10647 56148 66795 
10014 55533 65547 
9362 54902 64264 
8597 54172 62769 
7709 53334 61043 
6743 52409 59152 
5694 51371 57065 
4656 50330 54986 
3656 49309 52965 
2757 48401 51158 
1951 47585 49536 
1241 46836 48077 
568 46163 46731 
65424 45465 110889 
64743 44765 109508 
63966 43959 107925 
63104 43074 106178 
62249 42195 104444 
61478 41384 102862 
60686 40586 101272 
59952 39811 99763 
59278 39091 98369 
58742 38507 97249 
58266 38016 96282 
57796 37522 95318 
57345 37054 94399 
56880 36546 93426 
56328 35951 92279 
55760 35299 91059 
55202 34537 89739 
54856 33788 88644 
54658 32994 87652 
54589 32217 86806 
54608 31470 86078 
54602 30680 85282 
54601 29870 84471 
54601 29045 83646 
54601 28131 82732 
54601 27119 81720 
54605 26107 80712 
54607 25161 79768 
54608 24293 78901 
54614 23501 78115 
54616 22781 77397 
54649 22178 76827 
54699 21515 76214 
54894 21008 75902 
55103 20555 75658 
55268 20232 75500 
55346 19970 75316 
55342 19705 75047 
55326 19389 74715 
55275 19042 74317 
55139 18671 73810 
54922 18380 73302 
54674 18126 72800 
54464 17890 72354 
54167 17588 71755 
53740 17203 70943 
53237 16746 69983 
52658 16197 68855 
52053 15602 67655 
51416 14947 66363 
50791 14282 65073 
50180 13614 63794 
49544 12953 62497 
48980 12395 61375 
48441 11848 60289 
47912 11309 59221 
47373 10757 58130 
46794 10159 56953 
46164 9484 55648 
45416 8710 54126 
44570 7840 52410 
43604 6879 50483 
42665 5928 48593 
41741 5038 46779 
40900 4210 45110 
40071 3397 43468 
39357 2676 42033 
38649 1939 40588 
37949 1224 39173 
37130 394 37524 
36177 65057 101234 
35161 64118 99279 
34183 63225 97408 
33301 62423 95724 
32512 61716 94228 
31818 61073 92891 
31192 60489 91681 
30687 60013 90700 
30233 59565 89798 
29888 59220 89108 
29566 58869 88435 
29246 58516 87762 
28963 58219 87182 
28682 57918 86600 
28412 57601 86013 
28106 57208 85314 
27779 56768 84547 
27446 56359 83805 
27247 56053 83300 
27124 55744 82868 
27051 55379 82430 
27010 54913 81923 
27006 54338 81344 
27009 53674 80683 
27025 52968 79993 
27025 52221 79246 
27023 51451 78474 
27024 50595 77619 
27034 49662 76696 
27142 48724 75866 
27309 47760 75069 
27659 46937 74596 
28080 46180 74260 
28574 45516 74090 
29047 44890 73937 
29407 44308 73715 
29634 43806 73440 
29785 43371 73156 
29832 42929 72761 
29832 42590 72422 
29798 42390 72188 
29738 42267 72005 
29602 42149 71751 
29305 42002 71307 
28937 41727 70664 
28603 41270 69873 
28212 40767 68979 
27708 40222 67930 
27130 39623 66753 
26508 39035 65543 
25829 38420 64249 
25150 37784 62934 
24482 37122 61604 
23826 36458 60284 
23120 35751 58871 
22428 35065 57493 
21731 34365 56096 
21040 33649 54689 
20338 32947 53285 
19592 32206 51798 
18849 31515 50364 
18060 30754 48814 
17311 30056 47367 
16576 29319 45895 
15887 28631 44518 
15213 27942 43155 
14467 27181 41648 
13687 26382 40069 
12806 25459 38265 
11861 24456 36317 
10892 23485 34377 
9886 22483 32369 
8914 21558 30472 
7976 20645 28621 
7114 19791 26905 
6355 19043 25398 
5649 18320 23969 
4948 17536 22484 
4240 16736 20976 
3439 15881 19320 
2537 14955 17492 
1666 14057 15723 
753 13140 13893 
65522 12362 77884 
64828 11667 76495 
64223 11068 75291 
63621 10491 74112 
63041 9938 72979 
62453 9382 71835 
61885 8848 70733 
61376 8367 69743 
60922 7934 68856 
60588 7566 68154 
60224 7161 67385 
59826 6657 66483 
59392 6116 65508 
58921 5531 64452 
58573 4922 63495 
58373 4244 62617 
58306 3533 61839 
58316 2807 61123 
58326 2061 60387 
58327 1316 59643 
58328 566 58894 
58327 65365 123692 
58329 64655 122984 
58331 64012 122343 
58334 63376 121710 
58391 62697 121088 
58610 62072 120682 
58795 61566 120361 
58808 61152 119960 
58788 60826 119614 
58707 60525 119232 
58585 60203 118788 
58379 59875 118254 
58048 59455 117503 
57629 58994 116623 
57078 58389 115467 
56508 57824 114332 
55938 57257 113195 
55395 56662 112057 
54803 56001 110804 
54156 55373 109529 
53485 54780 108265 
52841 54226 107067 
52176 53536 105712 
51546 52913 104459 
50878 52285 103163 
50197 51673 101870 
49790 51304 101094 
49238 50657 99895 
48819 50298 99117 
48301 49798 98099 
47899 49399 97298 
47442 48935 96377 
47023 48551 95574 
46598 48133 94731 
46149 47650 93799 
45675 47102 92777 
45132 46428 91560 
44700 45876 90576 
44459 45421 89880 
44382 44923 89305 
44394 44349 88743 
44439 43738 88177 
44504 43155 87659 
44564 42590 87154 
44588 42023 86611 
44587 41475 86062 
44548 41030 85578 
44376 40705 85081 
44109 40538 84647 
43793 40312 84105 
43548 40021 83569 
43277 39677 82954 
42917 39291 82208 
42456 38859 81315 
41935 38336 80271 
41393 37730 79123 
40808 37124 77932 
40142 36441 76583 
39488 35776 75264 
38840 35123 73963 
38213 34470 72683 
37579 33831 71410 
36976 33233 70209 
36412 32661 69073 
35840 32039 67879 
35244 31404 66648 
34650 30760 65410 
34107 30178 64285 
33600 29644 63244 
33093 29136 62229 
32647 28690 61337 
32269 28321 60590 
31950 28004 59954 
31713 27761 59474 
31468 27459 58927 
31132 27009 58141 
30704 26434 57138 
30186 25792 55978 
29719 25251 54970 
29255 24793 54048 
28923 24381 53304 
28815 23959 52774 
28827 23352 52179 
28980 22594 51574 
29287 21788 51075 
29684 21042 50726 
30184 20454 50638 
30635 19890 50525 
31026 19288 50314 
31351 18665 50016 
31634 17995 49629 
31879 17328 49207 
32058 16693 48751 
32103 16087 48190 
32132 15403 47535 
32141 14573 46714 
32170 13752 45922 
32169 13008 45177 
32151 12418 44569 
32085 12079 44164 
31949 12005 43954 
31822 12015 43837 
31824 12017 43841 
31825 12019 43844 
31824 12015 43839 
31824 12013 43837 
31824 12013 43837 
31824 12013 43837 
31824 12013 43837 
31824 12013 43837 
31824 12013 43837 
31824 12013 43837 
31824 12013 43837 
31824 12013 43837 
31824 12013 43837 
