44 6 50 
44 6 50 
44 6 50 
44 6 50 
44 6 50 
44 6 50 
45 6 51 
51 6 57 
57 6 63 
71 5 76 
104 0 104 
104 65510 65614 
102 65445 65547 
98 65358 65456 
97 65242 65339 
83 65028 65111 
82 64728 64810 
80 64465 64545 
48 64319 64367 
13 64254 64267 
65511 64188 129699 
65418 64051 129469 
65285 63856 129141 
65082 63640 128722 
64741 63353 128094 
64331 62902 127233 
63887 62290 126177 
63272 61658 124930 
62608 61052 123660 
61864 60335 122199 
61167 59671 120838 
60472 59011 119483 
59800 58352 118152 
59091 57639 116730 
58328 56881 115209 
57571 56104 113675 
56823 55338 112161 
56098 54586 110684 
55269 53738 109007 
54373 52810 107183 
53371 51789 105160 
52342 50729 103071 
51212 49564 100776 
50045 48373 98418 
48927 47210 96137 
47817 46041 93858 
46903 45088 91991 
46007 44139 90146 
45179 43249 88428 
44319 42345 86664 
43497 41464 84961 
42432 40319 82751 
41577 39278 80855 
40532 38117 78649 
39619 37074 76693 
38558 36003 74561 
37654 35075 72729 
36679 34091 70770 
35955 33275 69230 
35179 32486 67665 
34485 31758 66243 
33629 30936 64565 
32744 30171 62915 
31795 29295 61090 
30847 28356 59203 
29926 27462 57388 
29041 26650 55691 
28315 25986 54301 
27777 25552 53329 
27307 25232 52539 
26925 25065 51990 
26578 25004 51582 
26200 25058 51258 
25683 25175 50858 
25069 25349 50418 
24341 25590 49931 
23489 25845 49334 
22539 26114 48653 
21571 26381 47952 
20599 26652 47251 
19582 26916 46498 
18527 27158 45685 
17482 27436 44918 
16462 27717 44179 
15520 28005 43525 
14648 28293 42941 
13821 28569 42390 
13005 28873 41878 
12172 29190 41362 
11427 29572 40999 
10756 29980 40736 
10151 30340 40491 
9632 30653 40285 
9176 30931 40107 
8789 31163 39952 
8549 31262 39811 
8486 31199 39685 
8436 31091 39527 
8292 30982 39274 
8042 30808 38850 
7682 30536 38218 
7227 30183 37410 
6690 29697 36387 
6114 29145 35259 
5467 28514 33981 
4735 27821 32556 
4034 27141 31175 
3120 26262 29382 
2188 25345 27533 
1211 24381 25592 
178 23358 23536 
64678 22320 86998 
63575 21166 84741 
62540 20154 82694 
61436 18972 80408 
60341 17902 78243 
59412 16936 76348 
58375 15891 74266 
57407 14948 72355 
56372 13943 70315 
55290 12906 68196 
54072 11812 65884 
52858 10708 63566 
51611 9575 61186 
50441 8477 58918 
49282 7361 56643 
48125 6263 54388 
47074 5256 52330 
46042 4294 50336 
45205 3499 48704 
44430 2771 47201 
43802 2174 45976 
43250 1662 44912 
42773 1201 43974 
42327 776 43103 
42005 457 42462 
41731 161 41892 
41528 65474 107002 
41313 65215 106528 
41196 64992 106188 
41080 64664 105744 
40901 64254 105155 
40823 63835 104658 
40705 63287 103992 
40585 62629 103214 
40548 61859 102407 
40547 61025 101572 
40547 60149 100696 
40557 59278 99835 
40557 58308 98865 
40588 57372 97960 
40598 56449 97047 
40598 55585 96183 
40685 54715 95400 
40859 53944 94803 
40865 53294 94159 
40822 52861 93683 
40772 52434 93206 
40771 51967 92738 
40731 51421 92152 
40492 50910 91402 
39953 50477 90430 
39182 49939 89121 
38453 49195 87648 
37630 48265 85895 
36842 47333 84175 
35925 46299 82224 
35072 45427 80499 
34256 44612 78868 
33596 43983 77579 
33035 43408 76443 
32419 42797 75216 
31885 42296 74181 
31476 41901 73377 
31379 41660 73039 
31415 41390 72805 
31643 41059 72702 
32066 40642 72708 
32675 40137 72812 
33331 39461 72792 
33975 38654 72629 
34544 37704 72248 
34972 36638 71610 
35184 35465 70649 
35260 34342 69602 
35260 33175 68435 
35259 32061 67320 
35259 31058 66317 
35260 30203 65463 
35258 29611 64869 
35258 29442 64700 
34958 29386 64344 
34611 29347 63958 
34450 29309 63759 
34448 29128 63576 
34406 28814 63220 
34153 28392 62545 
33765 27901 61666 
33279 27324 60603 
32724 26669 59393 
32076 25948 58024 
31369 25187 56556 
30568 24371 54939 
29682 23481 53163 
28665 22510 51175 
27595 21481 49076 
26461 20395 46856 
25200 19173 44373 
24127 18089 42216 
22981 16888 39869 
21921 15742 37663 
20978 14718 35696 
20081 13750 33831 
19393 13053 32446 
18334 11972 30306 
17417 11068 28485 
16308 9944 26252 
15157 8772 23929 
13812 7409 21221 
12538 6093 18631 
11372 4905 16277 
10261 3783 14044 
9355 2944 12299 
8465 2151 10616 
7809 1562 9371 
7100 905 8005 
6371 213 6584 
5606 65019 70625 
4879 64278 69157 
4220 63628 67848 
3673 63135 66808 
3304 62853 66157 
2989 62653 65642 
2633 62505 65138 
2199 62373 64572 
1723 62295 64018 
1151 62201 63352 
527 62122 62649 
65343 62054 127397 
64554 62032 126586 
63725 62036 125761 
62908 62075 124983 
62059 62139 124198 
61183 62278 123461 
60296 62439 122735 
59382 62580 121962 
58440 62766 121206 
57498 62993 120491 
56585 63271 119856 
55821 63562 119383 
55153 63798 118951 
54503 63882 118385 
53872 63781 117653 
53219 63478 116697 
52485 62988 115473 
51655 62413 114068 
50623 61742 112365 
49488 61042 110530 
48304 60267 108571 
47092 59446 106538 
45886 58606 104492 
44673 57794 102467 
43389 56934 100323 
42060 56055 98115 
40731 55189 95920 
39341 54328 93669 
37930 53495 91425 
36565 52671 89236 
35295 51943 87238 
34034 51201 85235 
32845 50516 83361 
31573 49781 81354 
30239 49040 79279 
28831 48219 77050 
27445 47375 74820 
26076 46542 72618 
24639 45644 70283 
23264 44862 68126 
21743 43932 65675 
20411 43118 63529 
19279 42608 61887 
17840 41734 59574 
16670 41180 57850 
15236 40416 55652 
13941 39813 53754 
12699 39249 51948 
11418 38624 50042 
10324 38135 48459 
9065 37289 46354 
7859 36701 44560 
6572 35961 42533 
5296 35268 40564 
4006 34541 38547 
2778 33897 36675 
1542 33177 34719 
395 32484 32879 
64863 31749 96612 
63878 30967 94845 
62939 30182 93121 
61983 29388 91371 
60952 28648 89600 
59744 27809 87553 
58485 26952 85437 
57189 26002 83191 
55991 25065 81056 
54874 24184 79058 
53839 23434 77273 
52891 22754 75645 
52042 22120 74162 
51233 21504 72737 
50347 20825 71172 
49489 20128 69617 
48525 19360 67885 
47664 18555 66219 
46902 17836 64738 
46193 17066 63259 
45705 16446 62151 
45283 15926 61209 
44991 15535 60526 
44822 15271 60093 
44749 15073 59822 
44750 14895 59645 
44763 14617 59380 
44774 14163 58937 
44775 13492 58267 
44800 12692 57492 
44891 11835 56726 
44983 10878 55861 
45099 9802 54901 
45310 8713 54023 
45573 7601 53174 
45696 6307 52003 
45781 5015 50796 
45901 3770 49671 
46061 2564 48625 
46211 1334 47545 
46320 79 46399 
46346 64332 110678 
46347 63078 109425 
46397 61988 108385 
46606 61041 107647 
46885 60089 106974 
47140 59165 106305 
47331 58294 105625 
47386 57478 104864 
47386 56812 104198 
47386 56342 103728 
47386 55990 103376 
47387 55774 103161 
47387 55705 103092 
47390 55697 103087 
47404 55698 103102 
47405 55699 103104 
47405 55700 103105 
47405 55701 103106 
47407 55700 103107 
47390 55623 103013 
47421 55514 102935 
47441 55412 102853 
47416 55204 102620 
47356 54924 102280 
47227 54578 101805 
46996 54162 101158 
46661 53732 100393 
46215 53246 99461 
45671 52688 98359 
44976 51979 96955 
44228 51234 95462 
43388 50368 93756 
42489 49473 91962 
41550 48562 90112 
40492 47564 88056 
39393 46541 85934 
38235 45443 83678 
37144 44402 81546 
36092 43372 79464 
35122 42370 77492 
34263 41306 75569 
33668 40245 73913 
33337 39191 72528 
33189 38111 71300 
33213 36953 70166 
33232 35681 68913 
33247 34390 67637 
33281 33102 66383 
33377 31895 65272 
33473 30793 64266 
33566 29847 63413 
33587 29092 62679 
33570 28450 62020 
33500 27997 61497 
33268 27611 60879 
32804 27162 59966 
32112 26402 58514 
31288 25418 56706 
30204 24196 54400 
29018 22888 51906 
27730 21539 49269 
26405 20184 46589 
25102 18818 43920 
23843 17468 41311 
22679 16191 38870 
21614 15009 36623 
20670 14030 34700 
19571 12964 32535 
18894 12310 31204 
17667 11089 28756 
16844 10239 27083 
15699 9047 24746 
14831 8164 22995 
13840 7253 21093 
13297 6675 19972 
12273 5710 17983 
11703 5100 16803 
10853 4109 14962 
10344 3293 13637 
9862 2306 12168 
9699 1271 10970 
9638 194 9832 
9616 64560 74176 
9548 63437 72985 
9313 62385 71698 
8798 61409 70207 
8078 60441 68519 
7278 59395 66673 
6371 58262 64633 
5388 57062 62450 
4372 55829 60201 
3367 54631 57998 
2392 53552 55944 
1421 52585 54006 
438 51646 52084 
65061 50779 115840 
64144 49878 114022 
63272 48998 112270 
62442 48158 110600 
61626 47307 108933 
60896 46529 107425 
60358 45919 106277 
60061 45503 105564 
59979 45308 105287 
59996 45323 105319 
60059 45397 105456 
60273 45578 105851 
60589 45857 106446 
60984 46227 107211 
61434 46659 108093 
61947 47163 109110 
62591 47777 110368 
63334 48477 111811 
64153 49278 113431 
65008 50174 115182 
353 51156 51509 
1222 52190 53412 
2053 53192 55245 
2838 54145 56983 
3606 55093 58699 
4332 55989 60321 
5038 56862 61900 
5689 57654 63343 
6351 58428 64779 
7012 59222 66234 
7667 60024 67691 
8286 60734 69020 
8860 61376 70236 
9332 61938 71270 
9620 62385 72005 
9716 62687 72403 
9630 62959 72589 
9401 63245 72646 
8911 63561 72472 
8245 63858 72103 
7469 64124 71593 
6630 64360 70990 
5767 64630 70397 
4921 64946 69867 
4130 65291 69421 
3461 131 3592 
2914 497 3411 
2499 849 3348 
2205 1142 3347 
2102 1553 3655 
2039 1908 3947 
1959 2014 3973 
1805 1869 3674 
1470 1536 3006 
1011 990 2001 
399 302 701 
65197 65145 130342 
64339 64381 128720 
63467 63585 127052 
62491 62685 125176 
61541 61805 123346 
60609 60905 121514 
59751 60095 119846 
58965 59318 118283 
58245 58577 116822 
57582 57918 115500 
56860 57203 114063 
56188 56539 112727 
55436 55797 111233 
54726 55104 109830 
54116 54516 108632 
53707 54112 107819 
53439 53842 107281 
53291 53698 106989 
53255 53654 106909 
53255 53657 106912 
53256 53660 106916 
53257 53672 106929 
53270 53684 106954 
53276 53697 106973 
53275 53686 106961 
53276 53693 106969 
53276 53696 106972 
53275 53694 106969 
53276 53696 106972 
53275 53693 106968 
53276 53695 106971 
53275 53695 106970 
53275 53695 106970 
53276 53695 106971 
53275 53695 106970 
53275 53695 106970 
53275 53695 106970 
53275 53695 106970 
53275 53695 106970 
