57241 23086 80327 
57241 23086 80327 
57241 23086 80327 
57241 23086 80327 
57241 23086 80327 
57241 23087 80328 
57241 23087 80328 
57240 23079 80319 
57238 23071 80309 
57218 23061 80279 
57168 23027 80195 
57108 22960 80068 
57025 22835 79860 
56872 22643 79515 
56663 22391 79054 
56429 22109 78538 
56196 21833 78029 
55962 21573 77535 
55748 21351 77099 
55495 21084 76579 
55240 20814 76054 
55005 20575 75580 
54813 20396 75209 
54652 20256 74908 
54496 20105 74601 
54359 19970 74329 
54181 19794 73975 
53915 19532 73447 
53580 19201 72781 
53191 18820 72011 
52818 18440 71258 
52431 18044 70475 
52059 17659 69718 
51671 17258 68929 
51307 16879 68186 
50931 16494 67425 
50494 16047 66541 
49941 15486 65427 
49303 14848 64151 
48563 14131 62694 
47743 13336 61079 
46968 12589 59557 
46141 11790 57931 
45306 10978 56284 
44480 10166 54646 
43689 9383 53072 
42932 8636 51568 
42205 7919 50124 
41511 7220 48731 
40904 6598 47502 
40364 6037 46401 
39826 5475 45301 
39239 4864 44103 
38641 4228 42869 
38101 3646 41747 
37624 3145 40769 
37165 2700 39865 
36740 2293 39033 
36293 1863 38156 
35780 1346 37126 
35208 771 35979 
34602 187 34789 
34022 65144 99166 
33418 64533 97951 
32782 63881 96663 
32147 63226 95373 
31490 62541 94031 
30840 61863 92703 
30216 61220 91436 
29523 60554 90077 
28869 59913 88782 
28277 59331 87608 
27715 58772 86487 
27172 58242 85414 
26636 57734 84370 
26172 57315 83487 
25734 56945 82679 
25269 56534 81803 
24742 56058 80800 
24181 55547 79728 
23606 55019 78625 
23001 54439 77440 
22385 53825 76210 
21807 53248 75055 
21234 52667 73901 
20752 52182 72934 
20322 51766 72088 
19919 51382 71301 
19555 51054 70609 
19193 50719 69912 
18861 50406 69267 
18537 50099 68636 
18226 49819 68045 
17953 49598 67551 
17690 49407 67097 
17401 49225 66626 
17059 49033 66092 
16661 48811 65472 
16229 48563 64792 
15792 48308 64100 
15324 48035 63359 
14853 47802 62655 
14381 47648 62029 
13951 47614 61565 
13521 47590 61111 
13097 47520 60617 
12666 47411 60077 
12223 47313 59536 
11714 47212 58926 
11096 47080 58176 
10429 46945 57374 
9796 46854 56650 
9244 46796 56040 
8686 46708 55394 
8051 46592 54643 
7389 46446 53835 
6709 46321 53030 
6042 46204 52246 
5369 46098 51467 
4738 46016 50754 
4153 45958 50111 
3633 45930 49563 
3154 45925 49079 
2710 45925 48635 
2307 45921 48228 
1903 45884 47787 
1511 45851 47362 
1112 45792 46904 
711 45728 46439 
251 45648 45899 
65319 45556 110875 
64901 45462 110363 
64555 45369 109924 
64281 45281 109562 
64051 45194 109245 
63786 45072 108858 
63488 44938 108426 
63162 44742 107904 
62867 44510 107377 
62600 44251 106851 
62327 44018 106345 
62059 43808 105867 
61795 43572 105367 
61497 43293 104790 
61145 42980 104125 
60788 42646 103434 
60440 42290 102730 
60079 41895 101974 
59718 41505 101223 
59300 41092 100392 
58881 40651 99532 
58395 40150 98545 
57869 39615 97484 
57284 39033 96317 
56713 38493 95206 
56095 37904 93999 
55491 37320 92811 
54865 36703 91568 
54273 36107 90380 
53669 35501 89170 
53078 34928 88006 
52507 34373 86880 
51968 33849 85817 
51504 33394 84898 
51067 32953 84020 
50715 32590 83305 
50392 32241 82633 
50073 31908 81981 
49784 31599 81383 
49498 31267 80765 
49230 30958 80188 
48935 30639 79574 
48611 30307 78918 
48249 29937 78186 
47901 29580 77481 
47555 29237 76792 
47214 28903 76117 
46870 28556 75426 
46512 28192 74704 
46153 27812 73965 
45733 27392 73125 
45213 26867 72080 
44646 26292 70938 
43979 25632 69611 
43329 25005 68334 
42613 24345 66958 
41888 23676 65564 
41211 23002 64213 
40615 22428 63043 
40013 21885 61898 
39482 21387 60869 
38994 20939 59933 
38485 20464 58949 
38009 20011 58020 
37607 19626 57233 
37183 19226 56409 
36775 18832 55607 
36356 18418 54774 
35960 18039 53999 
35503 17610 53113 
35068 17204 52272 
34588 16755 51343 
34132 16314 50446 
33691 15903 49594 
33226 15476 48702 
32746 15017 47763 
32331 14618 46949 
31991 14304 46295 
31726 14053 45779 
31505 13851 45356 
31308 13665 44973 
31111 13478 44589 
30884 13267 44151 
30651 13053 43704 
30393 12816 43209 
30126 12577 42703 
29820 12310 42130 
29464 12021 41485 
29058 11710 40768 
28620 11400 40020 
28125 11133 39258 
27588 10873 38461 
27042 10624 37666 
26461 10366 36827 
25908 10170 36078 
25287 9943 35230 
24668 9740 34408 
24014 9549 33563 
23299 9349 32648 
22505 9135 31640 
21677 8912 30589 
20922 8711 29633 
20186 8535 28721 
19453 8330 27783 
18732 8117 26849 
18044 7924 25968 
17373 7746 25119 
16616 7544 24160 
15833 7323 23156 
15080 7143 22223 
14368 7000 21368 
13683 6875 20558 
13056 6794 19850 
12479 6719 19198 
11939 6649 18588 
11427 6561 17988 
10979 6494 17473 
10540 6420 16960 
10088 6313 16401 
9646 6155 15801 
9194 5933 15127 
8728 5638 14366 
8238 5250 13488 
7720 4828 12548 
7213 4453 11666 
6694 4059 10753 
6228 3705 9933 
5837 3392 9229 
5450 3095 8545 
5074 2798 7872 
4672 2464 7136 
4298 2140 6438 
3910 1773 5683 
3503 1390 4893 
3031 960 3991 
2554 512 3066 
2059 36 2095 
1598 65111 66709 
1160 64652 65812 
746 64234 64980 
317 63817 64134 
65419 63387 128806 
64962 62920 127882 
64473 62410 126883 
63969 61889 125858 
63448 61353 124801 
62929 60818 123747 
62411 60283 122694 
61921 59784 121705 
61457 59309 120766 
60981 58826 119807 
60495 58338 118833 
60025 57866 117891 
59570 57414 116984 
59125 56970 116095 
58652 56506 115158 
58185 56047 114232 
57685 55557 113242 
57188 55068 112256 
56661 54559 111220 
56135 54036 110171 
55602 53512 109114 
55095 53011 108106 
54620 52530 107150 
54158 52058 106216 
53670 51562 105232 
53182 51071 104253 
52729 50609 103338 
52269 50150 102419 
51811 49686 101497 
51369 49235 100604 
50932 48785 99717 
50502 48336 98838 
50070 47881 97951 
49673 47463 97136 
49295 47079 96374 
48951 46731 95682 
48619 46406 95025 
48283 46069 94352 
47955 45747 93702 
47640 45435 93075 
47332 45126 92458 
46949 44757 91706 
46473 44306 90779 
45938 43823 89761 
45349 43249 88598 
44782 42683 87465 
44197 42122 86319 
43654 41621 85275 
43161 41162 84323 
42729 40755 83484 
42310 40359 82669 
41936 39998 81934 
41596 39643 81239 
41270 39305 80575 
40920 38958 79878 
40556 38600 79156 
40159 38223 78382 
39774 37886 77660 
39407 37618 77025 
39045 37386 76431 
38661 37166 75827 
38233 36956 75189 
37784 36788 74572 
37351 36673 74024 
36899 36620 73519 
36407 36602 73009 
35847 36560 72407 
35172 36476 71648 
34366 36321 70687 
33521 36198 69719 
32722 36105 68827 
31964 35981 67945 
31299 35851 67150 
30737 35707 66444 
30247 35583 65830 
29719 35476 65195 
29138 35392 64530 
28513 35348 63861 
27895 35349 63244 
27326 35349 62675 
26831 35349 62180 
26379 35349 61728 
25935 35349 61284 
25513 35349 60862 
25131 35348 60479 
24776 35349 60125 
24440 35348 59788 
24083 35316 59399 
23725 35252 58977 
23342 35121 58463 
22952 34903 57855 
22588 34659 57247 
22264 34425 56689 
21985 34229 56214 
21679 34032 55711 
21359 33826 55185 
21039 33614 54653 
20708 33392 54100 
20332 33145 53477 
19916 32861 52777 
19444 32519 51963 
18919 32123 51042 
18322 31661 49983 
17687 31176 48863 
17038 30678 47716 
16400 30192 46592 
15805 29728 45533 
15241 29282 44523 
14726 28871 43597 
14219 28464 42683 
13771 28074 41845 
13374 27713 41087 
13018 27365 40383 
12710 27038 39748 
12389 26699 39088 
12056 26345 38401 
11713 25964 37677 
11390 25590 36980 
11054 25216 36270 
10689 24831 35520 
10303 24412 34715 
9897 23983 33880 
9478 23566 33044 
8988 23096 32084 
8419 22542 30961 
7808 21942 29750 
7142 21291 28433 
6498 20664 27162 
5870 20031 25901 
5311 19439 24750 
4785 18873 23658 
4288 18342 22630 
3849 17873 21722 
3458 17470 20928 
3087 17084 20171 
2705 16692 19397 
2302 16299 18601 
1948 15957 17905 
1627 15633 17260 
1296 15309 16605 
933 14945 15878 
531 14534 15065 
91 14111 14202 
65127 13622 78749 
64547 13045 77592 
63978 12479 76457 
63409 11922 75331 
62822 11348 74170 
62264 10777 73041 
61738 10223 71961 
61287 9735 71022 
60845 9268 70113 
60410 8810 69220 
59996 8379 68375 
59603 7974 67577 
59212 7599 66811 
58844 7260 66104 
58432 6879 65311 
58061 6548 64609 
57657 6186 63843 
57272 5843 63115 
56947 5547 62494 
56655 5286 61941 
56369 5022 61391 
56054 4733 60787 
55689 4393 60082 
55250 3975 59225 
54786 3536 58322 
54303 3092 57395 
53828 2652 56480 
53339 2201 55540 
52906 1797 54703 
52512 1420 53932 
52152 1069 53221 
51800 738 52538 
51461 437 51898 
51094 185 51279 
50679 65472 116151 
50198 65181 115379 
49688 64862 114550 
49156 64518 113674 
48642 64208 112850 
48122 63938 112060 
47611 63724 111335 
47118 63620 110738 
46589 63532 110121 
45933 63403 109336 
45111 63217 108328 
44128 62973 107101 
43126 62756 105882 
42149 62567 104716 
41244 62401 103645 
40371 62285 102656 
39566 62248 101814 
38819 62244 101063 
38122 62244 100366 
37448 62244 99692 
36782 62244 99026 
36131 62243 98374 
35560 62252 97812 
35068 62288 97356 
34603 62348 96951 
34171 62442 96613 
33793 62555 96348 
33446 62692 96138 
33105 62858 95963 
32812 63093 95905 
32563 63308 95871 
32432 63483 95915 
32426 63545 95971 
32447 63541 95988 
32451 63539 95990 
32521 63531 96052 
32701 63521 96222 
32903 63520 96423 
33025 63522 96547 
33033 63522 96555 
33033 63523 96556 
33032 63523 96555 
33032 63523 96555 
33031 63523 96554 
33031 63523 96554 
33031 63523 96554 
33031 63523 96554 
33031 63523 96554 
33031 63523 96554 
33031 63523 96554 
33030 63523 96553 
33030 63523 96553 
33030 63523 96553 
33030 63523 96553 
33030 63523 96553 
33030 63523 96553 
