33612 15181 48793 
33612 15181 48793 
33612 15181 48793 
33612 15181 48793 
33612 15181 48793 
33612 15181 48793 
33612 15181 48793 
33612 15181 48793 
33612 15181 48793 
33612 15181 48793 
33612 15181 48793 
33612 15181 48793 
33612 15181 48793 
33612 15181 48793 
33612 15181 48793 
33612 15181 48793 
33612 15181 48793 
33612 15181 48793 
33612 15181 48793 
33612 15181 48793 
33612 15181 48793 
33612 15181 48793 
33612 15180 48792 
33612 15180 48792 
33612 15180 48792 
33612 15180 48792 
33612 15180 48792 
33612 15180 48792 
33612 15180 48792 
33612 15180 48792 
33612 15180 48792 
33612 15180 48792 
33612 15180 48792 
33611 15177 48788 
33592 15151 48743 
33513 15118 48631 
33426 15086 48512 
33362 15056 48418 
33328 15040 48368 
33321 15028 48349 
33312 15005 48317 
33290 14974 48264 
33258 14943 48201 
33227 14907 48134 
33198 14845 48043 
33142 14766 47908 
33062 14672 47734 
32979 14564 47543 
32890 14421 47311 
32785 14278 47063 
32652 14132 46784 
32529 13972 46501 
32395 13799 46194 
32238 13630 45868 
32103 13494 45597 
32034 13409 45443 
31979 13352 45331 
31863 13253 45116 
31703 13096 44799 
31531 12921 44452 
31388 12785 44173 
31273 12681 43954 
31169 12575 43744 
31021 12439 43460 
30837 12291 43128 
30639 12112 42751 
30421 11908 42329 
30152 11656 41808 
29862 11390 41252 
29552 11100 40652 
29285 10849 40134 
29034 10613 39647 
28833 10431 39264 
28622 10236 38858 
28394 10020 38414 
28129 9761 37890 
27837 9472 37309 
27527 9166 36693 
27229 8876 36105 
26977 8639 35616 
26763 8425 35188 
26577 8244 34821 
26385 8050 34435 
26209 7868 34077 
26028 7686 33714 
25852 7499 33351 
25632 7273 32905 
25412 7048 32460 
25180 6818 31998 
24966 6596 31562 
24740 6371 31111 
24504 6127 30631 
24263 5872 30135 
24010 5621 29631 
23769 5370 29139 
23505 5104 28609 
23237 4830 28067 
22979 4574 27553 
22739 4326 27065 
22526 4109 26635 
22322 3892 26214 
22110 3678 25788 
21893 3452 25345 
21682 3233 24915 
21444 2986 24430 
21169 2704 23873 
20839 2369 23208 
20459 1983 22442 
20084 1595 21679 
19704 1196 20900 
19326 815 20141 
18925 407 19332 
18558 34 18592 
18190 65205 83395 
17857 64872 82729 
17558 64570 82128 
17294 64296 81590 
17038 64036 81074 
16787 63772 80559 
16465 63440 79905 
16109 63069 79178 
15702 62650 78352 
15318 62262 77580 
14914 61846 76760 
14510 61434 75944 
14070 60986 75056 
13619 60532 74151 
13149 60051 73200 
12702 59593 72295 
12292 59169 71461 
11948 58810 70758 
11637 58489 70126 
11343 58186 69529 
10994 57820 68814 
10636 57451 68087 
10255 57052 67307 
9883 56657 66540 
9475 56231 65706 
9071 55808 64879 
8666 55384 64050 
8246 54955 63201 
7818 54527 62345 
7395 54104 61499 
6985 53694 60679 
6556 53283 59839 
6134 52889 59023 
5745 52542 58287 
5411 52246 57657 
5116 51977 57093 
4828 51713 56541 
4529 51435 55964 
4211 51145 55356 
3908 50867 54775 
3626 50619 54245 
3386 50410 53796 
3164 50214 53378 
2943 50011 52954 
2718 49807 52525 
2482 49596 52078 
2220 49355 51575 
1918 49076 50994 
1579 48758 50337 
1226 48408 49634 
863 48022 48885 
464 47608 48072 
65535 47131 112666 
64997 46567 111564 
64400 45945 110345 
63799 45343 109142 
63173 44712 107885 
62610 44145 106755 
62052 43600 105652 
61641 43211 104852 
61283 42862 104145 
60977 42552 103529 
60642 42222 102864 
60285 41862 102147 
59917 41493 101410 
59580 41148 100728 
59246 40808 100054 
58960 40518 99478 
58640 40196 98836 
58362 39917 98279 
58007 39562 97569 
57673 39226 96899 
57318 38870 96188 
56980 38519 95499 
56623 38151 94774 
56258 37770 94028 
55903 37400 93303 
55495 36983 92478 
55156 36643 91799 
54849 36330 91179 
54680 36162 90842 
54599 36078 90677 
54561 36034 90595 
54547 36016 90563 
54544 36010 90554 
54544 36009 90553 
54544 36009 90553 
54544 36009 90553 
54544 36009 90553 
54544 36009 90553 
54544 36008 90552 
54543 36008 90551 
54543 36008 90551 
54543 36008 90551 
54543 36008 90551 
54543 36008 90551 
54543 36008 90551 
54543 36008 90551 
54543 36008 90551 
54543 36008 90551 
54543 36008 90551 
54544 36008 90552 
54544 36008 90552 
54544 36008 90552 
54544 36006 90550 
54544 36004 90548 
54544 35998 90542 
54544 35992 90536 
54544 35974 90518 
54545 35934 90479 
54545 35894 90439 
54545 35872 90417 
54545 35861 90406 
54544 35827 90371 
54544 35764 90308 
54544 35705 90249 
54543 35641 90184 
54543 35569 90112 
54543 35482 90025 
54528 35374 89902 
54474 35241 89715 
54410 35073 89483 
54366 34886 89252 
54328 34692 89020 
54270 34477 88747 
54205 34281 88486 
54161 34122 88283 
54132 33978 88110 
54091 33797 87888 
54040 33571 87611 
53987 33356 87343 
53940 33170 87110 
53910 32984 86894 
53889 32818 86707 
53857 32669 86526 
53809 32508 86317 
53762 32324 86086 
53727 32156 85883 
53713 32007 85720 
53667 31833 85500 
53619 31618 85237 
53597 31412 85009 
53595 31262 84857 
53595 31148 84743 
53595 31058 84653 
53594 30990 84584 
53595 30953 84548 
53595 30940 84535 
53595 30918 84513 
53595 30874 84469 
53595 30800 84395 
53595 30701 84296 
53595 30578 84173 
53595 30436 84031 
53595 30284 83879 
53595 30125 83720 
53595 29959 83554 
53595 29788 83383 
53595 29621 83216 
53594 29470 83064 
53594 29320 82914 
53594 29159 82753 
53595 28984 82579 
53595 28816 82411 
53594 28670 82264 
53594 28535 82129 
53594 28412 82006 
53594 28289 81883 
53594 28152 81746 
53594 27987 81581 
53594 27786 81380 
53594 27573 81167 
53594 27375 80969 
53594 27179 80773 
53594 26966 80560 
53594 26748 80342 
53594 26537 80131 
53594 26344 79938 
53594 26147 79741 
53594 25919 79513 
53594 25668 79262 
53594 25409 79003 
53594 25158 78752 
53594 24941 78535 
53594 24752 78346 
53594 24550 78144 
53594 24311 77905 
53594 24066 77660 
53594 23840 77434 
53594 23642 77236 
53594 23440 77034 
53594 23222 76816 
53594 22988 76582 
53594 22747 76341 
53594 22515 76109 
53594 22304 75898 
53594 22081 75675 
53594 21834 75428 
53594 21582 75176 
53594 21340 74934 
53594 21115 74709 
53594 20897 74491 
53594 20676 74270 
53594 20470 74064 
53594 20294 73888 
53594 20121 73715 
53594 19954 73548 
53595 19790 73385 
53595 19576 73171 
53595 19325 72920 
53595 19107 72702 
53580 18917 72497 
53551 18704 72255 
53512 18454 71966 
53483 18195 71678 
53452 17916 71368 
53408 17634 71042 
53355 17377 70732 
53256 17188 70444 
53146 17109 70255 
53047 17091 70138 
53006 17057 70063 
53005 16928 69933 
52965 16726 69691 
52844 16491 69335 
52682 16227 68909 
52545 15996 68541 
52435 15798 68233 
52316 15618 67934 
52196 15476 67672 
52055 15336 67391 
51905 15183 67088 
51732 15031 66763 
51575 14918 66493 
51460 14874 66334 
51394 14844 66238 
51365 14811 66176 
51361 14764 66125 
51338 14673 66011 
51178 14467 65645 
50889 14197 65086 
50555 13921 64476 
50201 13637 63838 
49760 13268 63028 
49267 12805 62072 
48752 12313 61065 
48265 11878 60143 
47836 11518 59354 
47453 11206 58659 
47066 10939 58005 
46698 10709 57407 
46352 10503 56855 
46031 10295 56326 
45688 10063 55751 
45318 9808 55126 
44908 9510 54418 
44491 9207 53698 
44081 8897 52978 
43650 8568 52218 
43171 8193 51364 
42651 7771 50422 
42095 7322 49417 
41573 6881 48454 
41088 6434 47522 
40637 5956 46593 
40249 5472 45721 
39811 4936 44747 
39381 4378 43759 
38898 3751 42649 
38446 3175 41621 
37958 2604 40562 
37515 2096 39611 
37081 1624 38705 
36629 1153 37782 
36138 655 36793 
35572 104 35676 
34978 65076 100054 
34328 64529 98857 
33657 63992 97649 
33032 63433 96465 
32507 62863 95370 
31992 62276 94268 
31471 61715 93186 
30917 61148 92065 
30413 60608 91021 
29877 60036 89913 
29334 59461 88795 
28787 58864 87651 
28259 58287 86546 
27715 57717 85432 
27180 57177 84357 
26598 56606 83204 
26017 56050 82067 
25412 55503 80915 
24847 55026 79873 
24277 54556 78833 
23752 54118 77870 
23270 53712 76982 
22847 53355 76202 
22533 53084 75617 
22240 52824 75064 
21989 52567 74556 
21710 52296 74006 
21424 52036 73460 
21158 51776 72934 
20923 51525 72448 
20706 51291 71997 
20449 51026 71475 
20147 50707 70854 
19822 50352 70174 
19478 49975 69453 
19145 49614 68759 
18834 49281 68115 
18543 48974 67517 
18241 48655 66896 
17925 48322 66247 
17559 47938 65497 
17195 47546 64741 
16785 47102 63887 
16341 46611 62952 
15892 46124 62016 
15468 45647 61115 
15118 45231 60349 
14814 44856 59670 
14553 44548 59101 
14355 44347 58702 
14180 44226 58406 
14058 44170 58228 
13976 44141 58117 
13952 44141 58093 
13953 44082 58035 
13953 43917 57870 
13952 43647 57599 
13952 43311 57263 
13930 42953 56883 
13868 42585 56453 
13777 42190 55967 
13695 41763 55458 
13624 41308 54932 
13552 40845 54397 
13462 40361 53823 
13375 39873 53248 
13287 39389 52676 
13204 38935 52139 
13141 38516 51657 
13066 38044 51110 
13003 37517 50520 
12943 36905 49848 
12905 36239 49144 
12880 35568 48448 
12878 34921 47799 
12877 34254 47131 
12870 33592 46462 
12869 32964 45833 
12867 32393 45260 
12867 31863 44730 
12867 31367 44234 
12866 30875 43741 
12867 30365 43232 
12867 29849 42716 
12867 29354 42221 
12866 28896 41762 
12830 28477 41307 
12768 28098 40866 
12701 27768 40469 
12632 27453 40085 
12551 27141 39692 
12431 26872 39303 
12255 26652 38907 
12036 26456 38492 
11812 26215 38027 
11602 25913 37515 
11352 25559 36911 
11069 25180 36249 
10731 24773 35504 
10362 24358 34720 
9986 23953 33939 
9597 23543 33140 
9197 23141 32338 
8745 22722 31467 
8280 22318 30598 
7768 21871 29639 
7261 21419 28680 
6721 20934 27655 
6147 20423 26570 
5538 19871 25409 
4926 19328 24254 
4300 18767 23067 
3690 18208 21898 
3081 17633 20714 
2565 17128 19693 
2077 16634 18711 
1560 16120 17680 
997 15597 16594 
414 15053 15467 
65369 14509 79878 
64758 13917 78675 
64200 13338 77538 
63651 12745 76396 
63101 12185 75286 
62527 11609 74136 
61929 11022 72951 
61388 10481 71869 
60800 9878 70678 
60226 9279 69505 
59604 8639 68243 
59032 8047 67079 
58460 7471 65931 
57914 6889 64803 
57310 6249 63559 
56653 5571 62224 
55983 4894 60877 
55322 4218 59540 
54704 3585 58289 
54076 2925 57001 
53473 2287 55760 
52825 1612 54437 
52167 941 53108 
51486 243 51729 
50827 65087 115914 
50188 64412 114600 
49607 63799 113406 
49039 63214 112253 
48522 62685 111207 
48048 62200 110248 
47625 61757 109382 
47244 61365 108609 
46883 60995 107878 
46521 60625 107146 
46139 60242 106381 
45744 59867 105611 
45334 59540 104874 
44952 59289 104241 
44609 59035 103644 
44253 58694 102947 
43883 58308 102191 
43444 57886 101330 
42996 57465 100461 
42533 57030 99563 
42050 56571 98621 
41546 56089 97635 
41031 55574 96605 
40582 55036 95618 
40260 54478 94738 
39915 53810 93725 
39491 53068 92559 
39063 52295 91358 
38667 51483 90150 
38352 50656 89008 
38137 49855 87992 
37986 49066 87052 
37870 48283 86153 
37768 47472 85240 
37646 46643 84289 
37552 45843 83395 
37472 45076 82548 
37409 44324 81733 
37351 43566 80917 
37269 42789 80058 
37215 42042 79257 
37162 41345 78507 
37110 40715 77825 
37075 40136 77211 
37036 39613 76649 
37006 39111 76117 
36967 38562 75529 
36915 37959 74874 
36856 37324 74180 
36766 36691 73457 
36622 36115 72737 
36445 35609 72054 
36258 35174 71432 
36072 34755 70827 
35918 34340 70258 
35775 33905 69680 
35631 33462 69093 
35484 33035 68519 
35313 32612 67925 
35090 32200 67290 
34835 31835 66670 
34569 31525 66094 
34335 31281 65616 
34121 31048 65169 
33928 30857 64785 
33724 30677 64401 
33513 30509 64022 
33275 30343 63618 
33015 30174 63189 
32743 29979 62722 
32425 29736 62161 
32038 29442 61480 
31599 29131 60730 
31120 28802 59922 
30661 28509 59170 
30236 28240 58476 
29876 27967 57843 
29612 27721 57333 
29424 27449 56873 
29232 27086 56318 
28936 26624 55560 
28482 26066 54548 
27927 25490 53417 
27359 24921 52280 
26808 24317 51125 
26264 23687 49951 
25658 22993 48651 
25014 22313 47327 
24254 21624 45878 
23483 21016 44499 
22753 20430 43183 
22185 19936 42121 
21660 19494 41154 
21152 19071 40223 
20612 18599 39211 
20069 18132 38201 
19550 17665 37215 
19009 17179 36188 
18446 16655 35101 
17856 16085 33941 
17236 15469 32705 
16616 14865 31481 
15939 14214 30153 
15287 13573 28860 
14610 12913 27523 
14010 12299 26309 
13411 11683 25094 
12838 11089 23927 
12216 10454 22670 
11582 9814 21396 
10872 9134 20006 
10149 8449 18598 
9422 7751 17173 
8758 7104 15862 
8160 6494 14654 
7627 5942 13569 
7127 5429 12556 
6700 5009 11709 
6307 4619 10926 
5944 4263 10207 
5625 3937 9562 
5333 3631 8964 
5029 3321 8350 
4713 2993 7706 
4354 2627 6981 
3963 2218 6181 
3530 1771 5301 
3032 1255 4287 
2547 742 3289 
2009 173 2182 
1496 65152 66648 
986 64617 65603 
557 64150 64707 
194 63729 63923 
65428 63352 128780 
65173 63025 128198 
64894 62675 127569 
64649 62285 126934 
64473 61860 126333 
64335 61400 125735 
64241 60935 125176 
64177 60464 124641 
64095 59953 124048 
64028 59416 123444 
63962 58899 122861 
63892 58385 122277 
63826 57830 121656 
63796 57242 121038 
63796 56666 120462 
63796 56152 119948 
63796 55699 119495 
63797 55224 119021 
63797 54692 118489 
63818 54112 117930 
63838 53505 117343 
63864 52908 116772 
63891 52321 116212 
63911 51753 115664 
63911 51211 115122 
63911 50691 114602 
63911 50176 114087 
63915 49637 113552 
63914 49090 113004 
63913 48617 112530 
63913 48245 112158 
63908 47901 111809 
63889 47562 111451 
63889 47248 111137 
63890 46930 110820 
63890 46636 110526 
63890 46353 110243 
63890 46077 109967 
63887 45864 109751 
63885 45801 109686 
63876 45814 109690 
63876 45816 109692 
63876 45816 109692 
63876 45816 109692 
63876 45816 109692 
63876 45816 109692 
63876 45816 109692 
63876 45827 109703 
63876 45882 109758 
63876 45974 109850 
63876 46080 109956 
63876 46129 110005 
63876 46120 109996 
63876 46117 109993 
63876 46117 109993 
63876 46117 109993 
63876 46117 109993 
63876 46117 109993 
63876 46117 109993 
63876 46117 109993 
63876 46117 109993 
63876 46117 109993 
63876 46117 109993 
63876 46117 109993 
63876 46117 109993 
63876 46117 109993 
63876 46117 109993 
63876 46117 109993 
63876 46117 109993 
63876 46117 109993 
63876 46117 109993 
