63876 46117 109993 
63876 46117 109993 
63876 46117 109993 
63876 46117 109993 
63876 46117 109993 
63876 46117 109993 
63876 46117 109993 
63876 46117 109993 
63876 46117 109993 
63876 46117 109993 
63876 46117 109993 
63876 46117 109993 
63876 46117 109993 
63876 46117 109993 
63876 46117 109993 
63876 46117 109993 
63876 46117 109993 
63876 46117 109993 
63876 46117 109993 
63876 46117 109993 
63876 46117 109993 
63876 46117 109993 
63876 46117 109993 
63876 46116 109992 
63876 46116 109992 
63876 46116 109992 
63876 46117 109993 
63876 46117 109993 
63876 46117 109993 
63876 46117 109993 
63876 46117 109993 
63876 46117 109993 
63875 46117 109992 
63875 46116 109991 
63874 46116 109990 
63875 46117 109992 
63875 46117 109992 
63875 46117 109992 
63875 46117 109992 
63875 46118 109993 
63875 46118 109993 
63875 46119 109994 
63875 46123 109998 
63875 46136 110011 
63875 46149 110024 
63875 46146 110021 
63852 46120 109972 
63750 46069 109819 
63583 45998 109581 
63411 45902 109313 
63253 45701 108954 
63021 45352 108373 
62670 44933 107603 
62291 44549 106840 
61906 44204 106110 
61552 43862 105414 
61169 43483 104652 
60751 43142 103893 
60311 42757 103068 
59830 42298 102128 
59252 41751 101003 
58618 41161 99779 
57974 40559 98533 
57339 39936 97275 
56724 39305 96029 
56117 38666 94783 
55482 38001 93483 
54819 37300 92119 
54086 36544 90630 
53321 35764 89085 
52535 34968 87503 
51727 34138 85865 
50949 33317 84266 
50122 32432 82554 
49300 31566 80866 
48462 30694 79156 
47604 29819 77423 
46730 28923 75653 
45854 28045 73899 
44984 27193 72177 
44144 26390 70534 
43331 25594 68925 
42600 24849 67449 
41888 24093 65981 
41177 23341 64518 
40453 22583 63036 
39708 21816 61524 
38946 21043 59989 
38103 20204 58307 
37259 19364 56623 
36410 18507 54917 
35593 17671 53264 
34762 16827 51589 
33941 15987 49928 
33151 15183 48334 
32399 14425 46824 
31650 13674 45324 
30921 12921 43842 
30177 12152 42329 
29511 11438 40949 
28820 10687 39507 
28200 10024 38224 
27615 9414 37029 
27179 8951 36130 
26731 8470 35201 
26390 8098 34488 
26096 7742 33838 
25983 7477 33460 
25893 7196 33089 
25784 6838 32622 
25585 6333 31918 
25366 5745 31111 
25127 5121 30248 
24898 4501 29399 
24682 3894 28576 
24473 3264 27737 
24284 2615 26899 
24089 1886 25975 
23871 1084 24955 
23619 220 23839 
23366 64950 88316 
23136 64222 87358 
22957 63546 86503 
22807 62866 85673 
22675 62172 84847 
22573 61504 84077 
22465 60832 83297 
22377 60136 82513 
22291 59409 81700 
22233 58688 80921 
22167 57973 80140 
22116 57295 79411 
22067 56655 78722 
22009 56062 78071 
21957 55513 77470 
21895 55008 76903 
21812 54535 76347 
21719 54116 75835 
21601 53757 75358 
21443 53477 74920 
21252 53272 74524 
21084 53083 74167 
20975 52856 73831 
20869 52609 73478 
20726 52357 73083 
20528 52072 72600 
20317 51775 72092 
20097 51463 71560 
19850 51119 70969 
19529 50703 70232 
19196 50286 69482 
18852 49878 68730 
18543 49518 68061 
18232 49155 67387 
17911 48781 66692 
17583 48384 65967 
17216 47948 65164 
16827 47501 64328 
16409 47046 63455 
15977 46604 62581 
15504 46140 61644 
14973 45624 60597 
14435 45097 59532 
13874 44559 58433 
13353 44058 57411 
12776 43492 56268 
12174 42917 55091 
11517 42304 53821 
10877 41697 52574 
10208 41084 51292 
9549 40478 50027 
8939 39921 48860 
8344 39367 47711 
7795 38859 46654 
7264 38357 45621 
6690 37822 44512 
6082 37259 43341 
5425 36635 42060 
4745 35981 40726 
4087 35341 39428 
3428 34666 38094 
2809 34032 36841 
2159 33377 35536 
1557 32783 34340 
980 32206 33186 
409 31635 32044 
65361 31047 96408 
64765 30432 95197 
64137 29761 93898 
63461 29037 92498 
62750 28294 91044 
62046 27574 89620 
61364 26873 88237 
60698 26188 86886 
60066 25537 85603 
59451 24900 84351 
58867 24303 83170 
58292 23710 82002 
57708 23128 80836 
57092 22527 79619 
56498 21916 78414 
55876 21267 77143 
55336 20697 76033 
54870 20172 75042 
54560 19808 74368 
54260 19488 73748 
53959 19156 73115 
53599 18757 72356 
53215 18316 71531 
52751 17780 70531 
52308 17253 69561 
51850 16658 68508 
51492 16045 67537 
51242 15425 66667 
51050 14818 65868 
50852 14180 65032 
50684 13512 64196 
50545 12787 63332 
50403 12048 62451 
50289 11354 61643 
50194 10709 60903 
50090 10060 60150 
49984 9398 59382 
49883 8747 58630 
49778 8108 57886 
49680 7473 57153 
49597 6826 56423 
49512 6196 55708 
49436 5619 55055 
49372 5037 54409 
49280 4400 53680 
49186 3700 52886 
49084 2943 52027 
48989 2202 51191 
48914 1566 50480 
48842 1061 49903 
48806 605 49411 
48769 92 48861 
48715 65072 113787 
48616 64532 113148 
48487 64070 112557 
48332 63704 112036 
48156 63468 111624 
47938 63297 111235 
47693 63091 110784 
47456 62804 110260 
47197 62489 109686 
46873 62117 108990 
46499 61702 108201 
46016 61181 107197 
45446 60595 106041 
44776 59926 104702 
44057 59218 103275 
43242 58412 101654 
42392 57582 99974 
41543 56748 98291 
40691 55934 96625 
39858 55132 94990 
39023 54328 93351 
38196 53507 91703 
37342 52665 90007 
36385 51714 88099 
35462 50773 86235 
34494 49772 84266 
33579 48822 82401 
32652 47878 80530 
31796 47004 78800 
30885 46074 76959 
30028 45196 75224 
29103 44244 73347 
28152 43272 71424 
27166 42285 69451 
26180 41286 67466 
25189 40288 65477 
24264 39355 63619 
23397 38473 61870 
22609 37672 60281 
21814 36864 58678 
21048 36079 57127 
20250 35263 55513 
19467 34445 53912 
18673 33619 52292 
17859 32779 50638 
17039 31936 48975 
16272 31147 47419 
15528 30388 45916 
14856 29664 44520 
14156 28903 43059 
13500 28190 41690 
12833 27481 40314 
12214 26827 39041 
11596 26176 37772 
11024 25554 36578 
10547 24985 35532 
10262 24494 34756 
10101 23998 34099 
10007 23463 33470 
9990 22924 32914 
9987 22338 32325 
9987 21691 31678 
9986 20999 30985 
9987 20285 30272 
9987 19587 29574 
9984 18915 28899 
9984 18239 28223 
9979 17502 27481 
9972 16733 26705 
9962 15949 25911 
9940 15150 25090 
9898 14354 24252 
9893 13643 23536 
9882 12999 22881 
9876 12379 22255 
9875 11750 21625 
9874 11101 20975 
9860 10465 20325 
9815 9866 19681 
9746 9305 19051 
9627 8785 18412 
9410 8312 17722 
9096 7837 16933 
8740 7348 16088 
8358 6831 15189 
7990 6361 14351 
7590 5895 13485 
7210 5488 12698 
6810 5078 11888 
6387 4690 11077 
5932 4289 10221 
5468 3868 9336 
5056 3500 8556 
4702 3176 7878 
4419 2929 7348 
4146 2692 6838 
3846 2423 6269 
3478 2088 5566 
3092 1723 4815 
2646 1302 3948 
2191 874 3065 
1681 404 2085 
1171 65477 66648 
647 64982 65629 
110 64468 64578 
65102 63959 129061 
64547 63435 127982 
63973 62888 126861 
63353 62299 125652 
62664 61653 124317 
61944 60954 122898 
61248 60242 121490 
60576 59505 120081 
59934 58789 118723 
59278 58100 117378 
58592 57396 115988 
57869 56670 114539 
57115 55915 113030 
56359 55152 111511 
55558 54333 109891 
54772 53508 108280 
53901 52617 106518 
53030 51717 104747 
52196 50849 103045 
51370 49997 101367 
50607 49208 99815 
49835 48407 98242 
49094 47635 96729 
48363 46884 95247 
47625 46138 93763 
46912 45403 92315 
46203 44688 90891 
45573 44078 89651 
44917 43490 88407 
44321 42983 87304 
43702 42434 86136 
43141 41906 85047 
42559 41306 83865 
42025 40708 82733 
41475 40122 81597 
41027 39633 80660 
40629 39195 79824 
40294 38786 79080 
39892 38306 78198 
39489 37830 77319 
39089 37362 76451 
38719 36928 75647 
38370 36521 74891 
38025 36107 74132 
37730 35750 73480 
37484 35457 72941 
37287 35209 72496 
37147 34995 72142 
37108 34790 71898 
37108 34515 71623 
37101 34168 71269 
37072 33771 70843 
37072 33320 70392 
37072 32764 69836 
37064 32131 69195 
37048 31452 68500 
37020 30742 67762 
37002 30006 67008 
36987 29245 66232 
36986 28510 65496 
36986 27834 64820 
36986 27176 64162 
36986 26525 63511 
36986 25860 62846 
36986 25151 62137 
36988 24416 61404 
36987 23688 60675 
36986 23016 60002 
36988 22409 59397 
36988 21863 58851 
36996 21354 58350 
37036 20898 57934 
37044 20487 57531 
37043 20139 57182 
37014 19877 56891 
36899 19732 56631 
36697 19702 56399 
36470 19703 56173 
36317 19686 56003 
36274 19627 55901 
36245 19555 55800 
36178 19498 55676 
36175 19472 55647 
36249 19466 55715 
36358 19404 55762 
36421 19339 55760 
36421 19344 55765 
36420 19344 55764 
36419 19344 55763 
36413 19344 55757 
36414 19353 55767 
36414 19366 55780 
36414 19365 55779 
36414 19366 55780 
36413 19365 55778 
36413 19365 55778 
36413 19365 55778 
36413 19365 55778 
36413 19365 55778 
36413 19365 55778 
36413 19365 55778 
36413 19365 55778 
36413 19365 55778 
36413 19365 55778 
36413 19365 55778 
36413 19365 55778 
36413 19365 55778 
36413 19365 55778 
36413 19365 55778 
36413 19365 55778 
36412 19365 55777 
36412 19365 55777 
36412 19365 55777 
36412 19365 55777 
36412 19365 55777 
36412 19365 55777 
36412 19365 55777 
36412 19365 55777 
36412 19365 55777 
36412 19365 55777 
