34880 65411 100291 
34880 65411 100291 
34880 65411 100291 
34880 65411 100291 
34880 65412 100292 
34880 65411 100291 
34880 65411 100291 
34880 65411 100291 
34878 65411 100289 
34854 65375 100229 
34773 65248 100021 
34659 65032 99691 
34452 64800 99252 
34160 64604 98764 
33864 64467 98331 
33660 64352 98012 
33577 64218 97795 
33495 64057 97552 
33352 63874 97226 
33180 63663 96843 
32997 63398 96395 
32819 63177 95996 
32640 62986 95626 
32478 62850 95328 
32303 62663 94966 
32131 62470 94601 
31908 62253 94161 
31668 62034 93702 
31377 61758 93135 
31063 61466 92529 
30718 61148 91866 
30368 60832 91200 
30013 60508 90521 
29698 60214 89912 
29393 59927 89320 
29088 59637 88725 
28748 59317 88065 
28397 58975 87372 
28048 58614 86662 
27696 58262 85958 
27332 57894 85226 
26975 57506 84481 
26605 57099 83704 
26241 56709 82950 
25836 56278 82114 
25434 55830 81264 
25034 55392 80426 
24671 55005 79676 
24305 54610 78915 
23967 54250 78217 
23635 53893 77528 
23339 53590 76929 
23070 53301 76371 
22791 53023 75814 
22472 52724 75196 
22106 52396 74502 
21735 52057 73792 
21298 51652 72950 
20813 51198 72011 
20330 50723 71053 
19828 50215 70043 
19339 49677 69016 
18812 49115 67927 
18234 48523 66757 
17675 47933 65608 
17086 47316 64402 
16500 46726 63226 
15863 46097 61960 
15231 45463 60694 
14645 44860 59505 
14093 44287 58380 
13550 43739 57289 
13039 43241 56280 
12584 42797 55381 
12164 42350 54514 
11773 41970 53743 
11345 41550 52895 
10865 41069 51934 
10345 40546 50891 
9756 39970 49726 
9148 39370 48518 
8541 38778 47319 
7943 38188 46131 
7357 37607 44964 
6756 36995 43751 
6160 36391 42551 
5565 35791 41356 
5004 35229 40233 
4495 34719 39214 
3996 34239 38235 
3505 33786 37291 
3022 33332 36354 
2532 32880 35412 
1947 32350 34297 
1366 31831 33197 
745 31242 31987 
126 30641 30767 
65065 30008 95073 
64560 29449 94009 
64142 29010 93152 
63766 28636 92402 
63454 28322 91776 
63107 27980 91087 
62766 27664 90430 
62415 27353 89768 
62087 27054 89141 
61806 26780 88586 
61485 26471 87956 
61138 26137 87275 
60769 25792 86561 
60416 25456 85872 
60104 25155 85259 
59810 24857 84667 
59507 24541 84048 
59187 24214 83401 
58854 23899 82753 
58518 23596 82114 
58151 23305 81456 
57804 23063 80867 
57504 22858 80362 
57151 22601 79752 
56764 22384 79148 
56363 22216 78579 
56015 22138 78153 
55675 22112 77787 
55301 22110 77411 
54887 22115 77002 
54461 22123 76584 
53996 22120 76116 
53460 22121 75581 
52848 22121 74969 
52201 22121 74322 
51551 22121 73672 
50935 22120 73055 
50299 22122 72421 
49655 22123 71778 
49009 22122 71131 
48387 22123 70510 
47799 22123 69922 
47227 22123 69350 
46674 22123 68797 
46168 22125 68293 
45692 22125 67817 
45243 22125 67368 
44813 22125 66938 
44396 22125 66521 
43978 22125 66103 
43576 22122 65698 
43175 22123 65298 
42741 22123 64864 
42326 22122 64448 
41933 22124 64057 
41603 22124 63727 
41360 22124 63484 
41184 22124 63308 
41020 22122 63142 
40885 22120 63005 
40804 22112 62916 
40744 22039 62783 
40661 21886 62547 
40521 21642 62163 
40263 21375 61638 
39883 21074 60957 
39423 20665 60088 
38935 20186 59121 
38447 19716 58163 
37975 19249 57224 
37523 18779 56302 
37064 18289 55353 
36589 17795 54384 
36057 17247 53304 
35497 16665 52162 
34916 16065 50981 
34277 15409 49686 
33613 14735 48348 
32872 14018 46890 
32154 13320 45474 
31403 12585 43988 
30699 11903 42602 
29954 11202 41156 
29253 10530 39783 
28535 9831 38366 
27898 9200 37098 
27311 8614 35925 
26788 8077 34865 
26294 7552 33846 
25812 7026 32838 
25378 6515 31893 
24948 6024 30972 
24508 5564 30072 
24033 5095 29128 
23539 4600 28139 
23046 4074 27120 
22507 3498 26005 
21899 2898 24797 
21243 2260 23503 
20607 1613 22220 
19981 951 20932 
19388 347 19735 
18815 65315 84130 
18275 64783 83058 
17686 64193 81879 
17110 63627 80737 
16494 63023 79517 
15919 62453 78372 
15342 61880 77222 
14797 61334 76131 
14234 60764 74998 
13674 60193 73867 
13057 59555 72612 
12399 58882 71281 
11712 58196 69908 
11027 57530 68557 
10297 56845 67142 
9634 56213 65847 
9004 55622 64626 
8432 55090 63522 
7904 54601 62505 
7420 54137 61557 
6986 53712 60698 
6588 53318 59906 
6235 52968 59203 
5886 52618 58504 
5509 52239 57748 
5155 51868 57023 
4809 51487 56296 
4521 51184 55705 
4211 50858 55069 
3904 50532 54436 
3490 50105 53595 
3116 49734 52850 
2669 49287 51956 
2258 48878 51136 
1866 48475 50341 
1469 48065 49534 
1084 47679 48763 
666 47264 47930 
268 46860 47128 
65482 46541 112023 
65217 46297 111514 
65079 46221 111300 
65002 46215 111217 
64936 46217 111153 
64816 46217 111033 
64574 46216 110790 
64192 46217 110409 
63704 46217 109921 
63123 46217 109340 
62436 46218 108654 
61738 46218 107956 
61040 46218 107258 
60361 46218 106579 
59693 46218 105911 
59018 46218 105236 
58379 46218 104597 
57773 46218 103991 
57153 46218 103371 
56490 46218 102708 
55777 46216 101993 
55028 46217 101245 
54258 46216 100474 
53506 46216 99722 
52788 46216 99004 
52136 46217 98353 
51555 46217 97772 
51059 46219 97278 
50633 46219 96852 
50280 46220 96500 
49999 46221 96220 
49815 46221 96036 
49727 46220 95947 
49712 46221 95933 
49713 46221 95934 
49698 46221 95919 
49686 46221 95907 
49672 46220 95892 
49639 46220 95859 
49566 46220 95786 
49442 46220 95662 
49237 46220 95457 
48970 46219 95189 
48741 46217 94958 
48684 46197 94881 
48684 46100 94784 
48612 45942 94554 
48519 45752 94271 
48413 45590 94003 
48224 45449 93673 
47985 45265 93250 
47718 45005 92723 
47401 44709 92110 
47055 44404 91459 
46706 44091 90797 
46359 43746 90105 
46003 43364 89367 
45632 42954 88586 
45239 42551 87790 
44826 42120 86946 
44374 41642 86016 
43882 41114 84996 
43369 40574 83943 
42804 39969 82773 
42233 39360 81593 
41629 38728 80357 
41043 38113 79156 
40461 37500 77961 
39893 36911 76804 
39335 36353 75688 
38778 35825 74603 
38239 35316 73555 
37739 34815 72554 
37259 34343 71602 
36770 33880 70650 
36269 33400 69669 
35737 32904 68641 
35185 32386 67571 
34574 31819 66393 
33938 31211 65149 
33230 30535 63765 
32515 29849 62364 
31795 29148 60943 
31123 28490 59613 
30450 27826 58276 
29833 27218 57051 
29213 26585 55798 
28670 26024 54694 
28182 25518 53700 
27762 25083 52845 
27376 24682 52058 
26962 24262 51224 
26510 23790 50300 
26003 23269 49272 
25414 22658 48072 
24768 21984 46752 
24068 21260 45328 
23394 20556 43950 
22757 19882 42639 
22171 19258 41429 
21624 18673 40297 
21112 18145 39257 
20623 17635 38258 
20160 17159 37319 
19677 16668 36345 
19188 16190 35378 
18674 15694 34368 
18234 15245 33479 
17792 14794 32586 
17341 14344 31685 
16855 13867 30722 
16375 13392 29767 
15855 12880 28735 
15317 12345 27662 
14718 11754 26472 
14122 11168 25290 
13536 10582 24118 
12944 9996 22940 
12394 9457 21851 
11887 8956 20843 
11437 8514 19951 
11031 8107 19138 
10680 7763 18443 
10358 7441 17799 
10091 7185 17276 
9851 6943 16794 
9623 6720 16343 
9403 6505 15908 
9187 6290 15477 
9007 6114 15121 
8823 5946 14769 
8658 5807 14465 
8484 5673 14157 
8352 5602 13954 
8260 5582 13842 
8182 5582 13764 
8076 5582 13658 
7904 5582 13486 
7635 5582 13217 
7284 5582 12866 
6869 5582 12451 
6383 5567 11950 
5855 5553 11408 
5324 5553 10877 
4772 5553 10325 
4197 5553 9750 
3596 5553 9149 
2971 5555 8526 
2362 5556 7918 
1790 5555 7345 
1215 5556 6771 
616 5556 6172 
11 5556 5567 
64963 5562 70525 
64426 5567 69993 
63883 5573 69456 
63380 5585 68965 
62863 5584 68447 
62361 5584 67945 
61878 5584 67462 
61387 5584 66971 
60907 5586 66493 
60476 5585 66061 
60070 5586 65656 
59692 5586 65278 
59383 5586 64969 
59089 5586 64675 
58761 5587 64348 
58414 5587 64001 
58094 5587 63681 
57856 5587 63443 
57731 5586 63317 
57710 5586 63296 
57711 5586 63297 
57711 5584 63295 
57712 5581 63293 
57714 5580 63294 
57715 5558 63273 
57715 5555 63270 
57714 5530 63244 
57711 5504 63215 
57653 5439 63092 
57596 5307 62903 
57554 5179 62733 
57438 5066 62504 
57191 4901 62092 
56894 4636 61530 
56519 4286 60805 
56094 3892 59986 
55608 3441 59049 
55053 2919 57972 
54461 2354 56815 
53869 1767 55636 
53345 1165 54510 
52798 539 53337 
52252 65486 117738 
51676 64892 116568 
51104 64316 115420 
50591 63793 114384 
50102 63305 113407 
49667 62899 112566 
49272 62519 111791 
48855 62121 110976 
48387 61675 110062 
47865 61167 109032 
47347 60669 108016 
46751 60090 106841 
46179 59528 105707 
45531 58896 104427 
44926 58289 103215 
44299 57644 101943 
43669 57016 100685 
43008 56381 99389 
42373 55756 98129 
41744 55128 96872 
41122 54518 95640 
40497 53903 94400 
39909 53328 93237 
39344 52777 92121 
38801 52229 91030 
38253 51683 89936 
37652 51080 88732 
37031 50455 87486 
36391 49805 86196 
35754 49158 84912 
35124 48503 83627 
34478 47830 82308 
33852 47167 81019 
33234 46513 79747 
32673 45925 78598 
32107 45314 77421 
31543 44725 76268 
30991 44146 75137 
30435 43567 74002 
29914 43014 72928 
29389 42461 71850 
28938 42002 70940 
28449 41501 69950 
28008 41059 69067 
27506 40560 68066 
27048 40104 67152 
26524 39584 66108 
26006 39062 65068 
25435 38485 63920 
24869 37916 62785 
24268 37326 61594 
23694 36764 60458 
23128 36210 59338 
22562 35656 58218 
22047 35157 57204 
21576 34695 56271 
21120 34262 55382 
20702 33861 54563 
20330 33492 53822 
20013 33180 53193 
19717 32886 52603 
19466 32619 52085 
19241 32375 51616 
18960 32086 51046 
18673 31783 50456 
18328 31417 49745 
17945 31037 48982 
17584 30669 48253 
17222 30295 47517 
16870 29937 46807 
16532 29597 46129 
16317 29379 45696 
16199 29269 45468 
16143 29239 45382 
16106 29240 45346 
16053 29242 45295 
15955 29242 45197 
15808 29240 45048 
15604 29240 44844 
15309 29241 44550 
14909 29240 44149 
14427 29238 43665 
13885 29240 43125 
13331 29239 42570 
12795 29239 42034 
12241 29239 41480 
11622 29239 40861 
10969 29240 40209 
10330 29238 39568 
9735 29239 38974 
9168 29238 38406 
8640 29238 37878 
8139 29240 37379 
7664 29240 36904 
7199 29240 36439 
6732 29240 35972 
6253 29240 35493 
5770 29240 35010 
5332 29242 34574 
4924 29241 34165 
4491 29240 33731 
4037 29241 33278 
3605 29241 32846 
3172 29241 32413 
2706 29242 31948 
2203 29242 31445 
1690 29242 30932 
1208 29242 30450 
777 29242 30019 
391 29242 29633 
62 29242 29304 
65333 29242 94575 
65094 29242 94336 
64864 29242 94106 
64716 29242 93958 
64702 29237 93939 
64706 29237 93943 
64707 29236 93943 
64706 29227 93933 
64706 29202 93908 
64705 29203 93908 
64702 29201 93903 
64702 29202 93904 
64702 29200 93902 
64702 29201 93903 
64700 29193 93893 
64700 29193 93893 
64700 29192 93892 
64700 29192 93892 
64700 29192 93892 
64700 29192 93892 
64700 29192 93892 
64700 29192 93892 
64700 29192 93892 
64700 29192 93892 
64700 29192 93892 
64700 29192 93892 
64700 29192 93892 
