23314 1506 24820 
23314 1506 24820 
23314 1506 24820 
23314 1506 24820 
23314 1505 24819 
23314 1511 24825 
23315 1505 24820 
23315 1506 24821 
23273 1473 24746 
23207 1404 24611 
23116 1328 24444 
22945 1195 24140 
22787 1070 23857 
22609 949 23558 
22396 815 23211 
22147 628 22775 
21873 333 22206 
21626 65529 87155 
21344 65235 86579 
21041 64919 85960 
20726 64572 85298 
20380 64242 84622 
20028 63888 83916 
19667 63528 83195 
19299 63182 82481 
18878 62807 81685 
18498 62431 80929 
18140 62064 80204 
17718 61660 79378 
17314 61242 78556 
16982 60909 77891 
16653 60609 77262 
16354 60310 76664 
16096 60038 76134 
15774 59752 75526 
15403 59411 74814 
15060 59056 74116 
14615 58620 73235 
14098 58112 72210 
13581 57572 71153 
13082 57019 70101 
12591 56482 69073 
12113 55963 68076 
11640 55448 67088 
11196 54978 66174 
10682 54478 65160 
10213 54021 64234 
9747 53558 63305 
9247 53059 62306 
8723 52546 61269 
8181 52012 60193 
7550 51406 58956 
6945 50815 57760 
6406 50272 56678 
5927 49775 55702 
5413 49234 54647 
4931 48719 53650 
4432 48184 52616 
3891 47608 51499 
3253 46935 50188 
2648 46325 48973 
2003 45690 47693 
1334 45051 46385 
708 44455 45163 
86 43852 43938 
65028 43287 108315 
64393 42680 107073 
63796 42099 105895 
63202 41470 104672 
62574 40823 103397 
61922 40157 102079 
61260 39514 100774 
60658 38901 99559 
60098 38303 98401 
59695 37881 97576 
59239 37435 96674 
58782 37001 95783 
58261 36520 94781 
57720 36029 93749 
57103 35465 92568 
56476 34866 91342 
55825 34231 90056 
55132 33554 88686 
54468 32877 87345 
53794 32203 85997 
53133 31550 84683 
52480 30891 83371 
51847 30259 82106 
51240 29653 80893 
50666 29078 79744 
50140 28554 78694 
49615 28021 77636 
49161 27559 76720 
48665 27068 75733 
48166 26594 74760 
47627 26071 73698 
47060 25491 72551 
46438 24853 71291 
45795 24210 70005 
45111 23545 68656 
44488 22917 67405 
43868 22267 66135 
43313 21688 65001 
42752 21109 63861 
42211 20562 62773 
41665 20021 61686 
41089 19437 60526 
40480 18813 59293 
39900 18218 58118 
39388 17689 57077 
38872 17157 56029 
38346 16617 54963 
37810 16057 53867 
37251 15486 52737 
36666 14870 51536 
36034 14205 50239 
35470 13568 49038 
34908 12942 47850 
34369 12379 46748 
33874 11876 45750 
33402 11375 44777 
32925 10882 43807 
32466 10404 42870 
32037 9973 42010 
31554 9475 41029 
31047 8968 40015 
30455 8379 38834 
29888 7811 37699 
29300 7212 36512 
28836 6703 35539 
28264 6116 34380 
27717 5535 33252 
27089 4906 31995 
26410 4215 30625 
25751 3539 29290 
25154 2948 28102 
24559 2354 26913 
23919 1729 25648 
23355 1169 24524 
22790 601 23391 
22274 81 22355 
21771 65099 86870 
21275 64610 85885 
20874 64194 85068 
20336 63645 83981 
19949 63215 83164 
19484 62727 82211 
19010 62225 81235 
18560 61720 80280 
18088 61202 79290 
17727 60733 78460 
17505 60327 77832 
17452 59975 77427 
17427 59617 77044 
17427 59225 76652 
17427 58780 76207 
17427 58318 75745 
17426 57819 75245 
17428 57317 74745 
17426 56709 74135 
17430 56034 73464 
17432 55297 72729 
17435 54564 71999 
17496 53819 71315 
17644 53093 70737 
17917 52447 70364 
18229 51866 70095 
18634 51366 70000 
18990 50925 69915 
19233 50542 69775 
19400 50157 69557 
19545 49656 69201 
19730 49197 68927 
19861 48766 68627 
19945 48459 68404 
20029 48232 68261 
20052 48108 68160 
20004 48066 68070 
19914 48019 67933 
19794 47907 67701 
19647 47742 67389 
19444 47498 66942 
19181 47137 66318 
18874 46731 65605 
18602 46379 64981 
18321 46069 64390 
18040 45756 63796 
17740 45428 63168 
17418 45082 62500 
17023 44653 61676 
16582 44196 60778 
16057 43669 59726 
15459 43042 58501 
14784 42337 57121 
14096 41627 55723 
13351 40861 54212 
12583 40099 52682 
11807 39298 51105 
11051 38561 49612 
10324 37820 48144 
9631 37139 46770 
9023 36541 45564 
8381 35921 44302 
7838 35407 43245 
7289 34865 42154 
6732 34347 41079 
6087 33751 39838 
5425 33117 38542 
4665 32335 37000 
3862 31504 35366 
3134 30760 33894 
2361 29963 32324 
1595 29190 30785 
869 28445 29314 
126 27712 27838 
64924 27004 91928 
64197 26305 90502 
63518 25647 89165 
62835 24990 87825 
62182 24365 86547 
61572 23741 85313 
60962 23113 84075 
60323 22476 82799 
59640 21785 81425 
58884 21006 79890 
58064 20173 78237 
57204 19272 76476 
56330 18365 74695 
55515 17514 73029 
54701 16697 71398 
53962 15951 69913 
53272 15235 68507 
52637 14582 67219 
51951 13927 65878 
51284 13259 64543 
50665 12617 63282 
50070 12018 62088 
49559 11499 61058 
48989 10964 59953 
48458 10439 58897 
47918 9919 57837 
47370 9370 56740 
46737 8741 55478 
46074 8059 54133 
45425 7396 52821 
44775 6732 51507 
44090 6033 50123 
43438 5353 48791 
42771 4701 47472 
42185 4110 46295 
41541 3460 45001 
40941 2861 43802 
40277 2217 42494 
39647 1570 41217 
38964 886 39850 
38360 268 38628 
37748 65179 102927 
37165 64576 101741 
36560 63939 100499 
35931 63271 99202 
35249 62555 97804 
34660 61924 96584 
34028 61252 95280 
33476 60654 94130 
32930 60075 93005 
32462 59556 92018 
32068 59107 91175 
31732 58674 90406 
31535 58355 89890 
31371 57978 89349 
31372 57620 88992 
31442 57198 88640 
31526 56666 88192 
31611 56055 87666 
31664 55348 87012 
31756 54618 86374 
31868 53721 85589 
32056 52756 84812 
32405 51792 84197 
32805 50766 83571 
33286 49750 83036 
33752 48689 82441 
34124 47599 81723 
34622 46645 81267 
34929 45620 80549 
35302 44775 80077 
35433 43855 79288 
35541 43044 78585 
35544 42242 77786 
35555 41547 77102 
35557 40933 76490 
35558 40406 75964 
35566 39991 75557 
35511 39703 75214 
35442 39550 74992 
35382 39460 74842 
35331 39399 74730 
35304 39330 74634 
35241 39203 74444 
35070 38917 73987 
34741 38419 73160 
34308 37799 72107 
33771 37121 70892 
33234 36503 69737 
32669 35883 68552 
32077 35227 67304 
31421 34504 65925 
30762 33835 64597 
30037 33082 63119 
29361 32381 61742 
28599 31644 60243 
27845 30937 58782 
27076 30230 57306 
26362 29592 55954 
25605 28926 54531 
24831 28282 53113 
24119 27669 51788 
23460 27094 50554 
22854 26519 49373 
22327 25992 48319 
21823 25478 47301 
21273 24924 46197 
20637 24292 44929 
19963 23619 43582 
19221 22892 42113 
18426 22103 40529 
17587 21343 38930 
16714 20562 37276 
15854 19756 35610 
15015 18914 33929 
14250 18080 32330 
13477 17271 30748 
12710 16464 29174 
11959 15709 27668 
11221 15030 26251 
10525 14401 24926 
9924 13850 23774 
9317 13276 22593 
8726 12727 21453 
8052 12104 20156 
7332 11459 18791 
6594 10781 17375 
5903 10129 16032 
5198 9432 14630 
4641 8804 13445 
4088 8220 12308 
3577 7699 11276 
3032 7177 10209 
2538 6658 9196 
1978 6091 8069 
1396 5503 6899 
798 4910 5708 
190 4303 4493 
65090 3661 68751 
64368 2929 67297 
63625 2189 65814 
62753 1323 64076 
61869 451 62320 
60895 65039 125934 
59975 64126 124101 
59057 63222 122279 
58167 62335 120502 
57216 61411 118627 
56335 60595 116930 
55468 59768 115236 
54670 58995 113665 
53892 58218 112110 
53119 57444 110563 
52360 56673 109033 
51550 55883 107433 
50797 55125 105922 
50031 54341 104372 
49293 53602 102895 
48577 52880 101457 
47854 52169 100023 
47175 51505 98680 
46442 50777 97219 
45734 50059 95793 
45108 49421 94529 
44520 48818 93338 
43908 48218 92126 
43327 47613 90940 
42632 46903 89535 
41888 46135 88023 
41036 45257 86293 
40105 44322 84427 
39153 43414 82567 
38202 42460 80662 
37303 41558 78861 
36490 40720 77210 
35719 39967 75686 
35013 39281 74294 
34345 38646 72991 
33670 37989 71659 
33044 37387 70431 
32375 36718 69093 
31710 36061 67771 
30970 35337 66307 
30258 34656 64914 
29587 34005 63592 
28915 33339 62254 
28305 32725 61030 
27668 32095 59763 
27062 31474 58536 
26475 30866 57341 
25892 30273 56165 
25312 29693 55005 
24728 29102 53830 
24179 28538 52717 
23604 27972 51576 
23030 27404 50434 
22433 26805 49238 
21830 26183 48013 
21185 25535 46720 
20607 24946 45553 
20036 24329 44365 
19515 23745 43260 
18979 23162 42141 
18501 22654 41155 
18041 22185 40226 
17612 21698 39310 
17140 21189 38329 
16712 20697 37409 
16243 20181 36424 
15948 19831 35779 
15688 19569 35257 
15491 19335 34826 
15206 19000 34206 
14969 18684 33653 
14607 18283 32890 
14213 17879 32092 
13813 17481 31294 
13364 17009 30373 
13058 16685 29743 
12633 16252 28885 
12207 15807 28014 
11672 15254 26926 
11108 14683 25791 
10615 14157 24772 
10380 13710 24090 
10389 13326 23715 
10609 13076 23685 
10831 12832 23663 
11112 12543 23655 
11479 12157 23636 
11932 11648 23580 
12450 11040 23490 
12967 10325 23292 
13493 9545 23038 
13993 8734 22727 
14493 7792 22285 
14937 6770 21707 
15188 5744 20932 
15314 4729 20043 
15391 3727 19118 
15431 2731 18162 
15432 1689 17121 
15438 637 16075 
15438 65063 80501 
15469 63925 79394 
15519 62857 78376 
15535 61846 77381 
15551 60975 76526 
15552 60258 75810 
15550 59769 75319 
15512 59484 74996 
15494 59336 74830 
15483 59248 74731 
15500 59130 74630 
15734 59002 74736 
16036 58841 74877 
16154 58629 74783 
16062 58487 74549 
15813 58366 74179 
15534 58261 73795 
15342 58199 73541 
15329 58203 73532 
15332 58207 73539 
15331 58207 73538 
15331 58207 73538 
15330 58207 73537 
15330 58206 73536 
15330 58206 73536 
15330 58206 73536 
15330 58206 73536 
15330 58206 73536 
15330 58206 73536 
15330 58207 73537 
