2937 1944 4881 
2937 1944 4881 
2937 1944 4881 
2937 1944 4881 
2936 1944 4880 
2936 1945 4881 
2936 1942 4878 
2936 1943 4879 
2936 1944 4880 
2935 1944 4879 
2935 1942 4877 
2935 1938 4873 
2914 1897 4811 
2858 1784 4642 
2759 1596 4355 
2614 1379 3993 
2343 1168 3511 
1997 883 2880 
1732 591 2323 
1443 238 1681 
1169 65476 66645 
896 65208 66104 
634 64932 65566 
355 64642 64997 
74 64375 64449 
65306 64086 129392 
64999 63792 128791 
64658 63481 128139 
64283 63139 127422 
63908 62797 126705 
63511 62423 125934 
63110 62035 125145 
62685 61597 124282 
62207 61128 123335 
61723 60624 122347 
61268 60146 121414 
60797 59691 120488 
60338 59222 119560 
59881 58752 118633 
59407 58272 117679 
58955 57837 116792 
58516 57400 115916 
58119 57004 115123 
57683 56571 114254 
57299 56165 113464 
56944 55763 112707 
56624 55404 112028 
56307 55043 111350 
55964 54703 110667 
55510 54251 109761 
55083 53798 108881 
54560 53218 107778 
54094 52753 106847 
53563 52217 105780 
53008 51683 104691 
52484 51168 103652 
51982 50694 102676 
51487 50263 101750 
51060 49860 100920 
50659 49467 100126 
50251 49095 99346 
49804 48669 98473 
49394 48268 97662 
48937 47805 96742 
48574 47447 96021 
48128 47004 95132 
47727 46612 94339 
47188 46068 93256 
46596 45505 92101 
45958 44872 90830 
45238 44146 89384 
44559 43444 88003 
43858 42698 86556 
43204 41995 85199 
42502 41278 83780 
41844 40638 82482 
41174 40016 81190 
40540 39424 79964 
39975 38861 78836 
39452 38351 77803 
38947 37887 76834 
38420 37412 75832 
37964 36980 74944 
37408 36435 73843 
36809 35824 72633 
36106 35121 71227 
35380 34402 69782 
34678 33706 68384 
33987 33022 67009 
33376 32415 65791 
32808 31859 64667 
32381 31408 63789 
31917 30955 62872 
31586 30608 62194 
31223 30247 61470 
30906 29938 60844 
30544 29584 60128 
30186 29223 59409 
29827 28879 58706 
29440 28508 57948 
28954 28037 56991 
28392 27494 55886 
27723 26863 54586 
27131 26295 53426 
26539 25708 52247 
25998 25186 51184 
25431 24605 50036 
24882 24064 48946 
24312 23475 47787 
23789 22920 46709 
23332 22434 45766 
22886 21946 44832 
22566 21583 44149 
22226 21218 43444 
21955 20936 42891 
21582 20537 42119 
21211 20124 41335 
20720 19590 40310 
20266 19112 39378 
19736 18578 38314 
19266 18105 37371 
18737 17575 36312 
18283 17117 35400 
17865 16700 34565 
17468 16299 33767 
17098 15922 33020 
16745 15560 32305 
16514 15315 31829 
16271 15069 31340 
15981 14788 30769 
15627 14430 30057 
15364 14191 29555 
15072 13905 28977 
14788 13661 28449 
14429 13371 27800 
14089 13133 27222 
13722 12993 26715 
13369 12922 26291 
12980 12821 25801 
12548 12701 25249 
12028 12557 24585 
11388 12413 23801 
10692 12314 23006 
9987 12260 22247 
9333 12223 21556 
8718 12216 20934 
8059 12218 20277 
7394 12217 19611 
6718 12218 18936 
5961 12208 18169 
5272 12209 17481 
4614 12209 16823 
4014 12209 16223 
3437 12211 15648 
2877 12211 15088 
2311 12210 14521 
1738 12211 13949 
1166 12212 13378 
623 12212 12835 
101 12235 12336 
65153 12249 77402 
64678 12257 76935 
64290 12256 76546 
63945 12255 76200 
63703 12238 75941 
63533 12234 75767 
63366 12235 75601 
63173 12234 75407 
63035 12233 75268 
62984 12204 75188 
62962 12156 75118 
62917 12135 75052 
62883 12116 74999 
62823 12082 74905 
62703 12020 74723 
62491 11910 74401 
62248 11767 74015 
62040 11597 73637 
61856 11431 73287 
61658 11280 72938 
61365 11055 72420 
61000 10744 71744 
60643 10412 71055 
60311 10101 70412 
59941 9735 69676 
59480 9290 68770 
58935 8750 67685 
58397 8134 66531 
57823 7512 65335 
57218 6907 64125 
56628 6316 62944 
56097 5821 61918 
55562 5341 60903 
55073 4900 59973 
54584 4441 59025 
54143 4028 58171 
53733 3633 57366 
53355 3280 56635 
52979 2924 55903 
52599 2581 55180 
52244 2262 54506 
51898 1930 53828 
51530 1581 53111 
51089 1168 52257 
50651 748 51399 
50104 221 50325 
49519 65202 114721 
48886 64568 113454 
48245 63938 112183 
47619 63275 110894 
47019 62630 109649 
46371 61978 108349 
45710 61371 107081 
45075 60767 105842 
44544 60226 104770 
44051 59720 103771 
43555 59240 102795 
43038 58784 101822 
42518 58268 100786 
41972 57704 99676 
41359 57053 98412 
40743 56403 97146 
40192 55809 96001 
39669 55248 94917 
39221 54747 93968 
38755 54248 93003 
38246 53714 91960 
37772 53204 90976 
37296 52701 89997 
36882 52260 89142 
36464 51809 88273 
36044 51356 87400 
35632 50918 86550 
35229 50451 85680 
34821 50011 84832 
34349 49522 83871 
33840 49013 82853 
33220 48400 81620 
32544 47744 80288 
31863 47061 78924 
31254 46429 77683 
30691 45811 76502 
30192 45249 75441 
29727 44756 74483 
29275 44323 73598 
28829 43890 72719 
28349 43407 71756 
27927 42972 70899 
27533 42563 70096 
27043 42084 69127 
26526 41568 68094 
25933 40942 66875 
25301 40272 65573 
24646 39582 64228 
24040 38955 62995 
23413 38292 61705 
22839 37684 60523 
22335 37117 59452 
21920 36655 58575 
21530 36249 57779 
21143 35830 56973 
20796 35456 56252 
20484 35166 55650 
20231 34910 55141 
19985 34655 54640 
19723 34393 54116 
19430 34107 53537 
19096 33765 52861 
18784 33431 52215 
18459 33116 51575 
18076 32755 50831 
17741 32414 50155 
17280 31994 49274 
16827 31589 48416 
16301 31076 47377 
15742 30559 46301 
15045 29881 44926 
14376 29203 43579 
13742 28555 42297 
13091 27924 41015 
12507 27357 39864 
11970 26827 38797 
11429 26324 37753 
10896 25841 36737 
10448 25399 35847 
10058 24994 35052 
9704 24653 34357 
9301 24262 33563 
8924 23892 32816 
8481 23449 31930 
8017 22947 30964 
7495 22367 29862 
6986 21826 28812 
6455 21304 27759 
5978 20813 26791 
5519 20354 25873 
5137 19978 25115 
4756 19625 24381 
4393 19263 23656 
4011 18898 22909 
3616 18518 22134 
3163 18089 21252 
2726 17647 20373 
2272 17202 19474 
1860 16782 18642 
1439 16340 17779 
1030 15931 16961 
680 15574 16254 
329 15237 15566 
7 14925 14932 
65191 14592 79783 
64791 14211 79002 
64299 13774 78073 
63759 13291 77050 
63300 12859 76159 
62748 12350 75098 
62244 11894 74138 
61753 11445 73198 
61280 11024 72304 
60834 10652 71486 
60415 10355 70770 
60101 10225 70326 
59770 10124 69894 
59359 10022 69381 
58877 9920 68797 
58393 9869 68262 
57879 9825 67704 
57315 9829 67144 
56661 9827 66488 
55933 9824 65757 
55140 9829 64969 
54359 9873 64232 
53671 9991 63662 
53081 10170 63251 
52494 10393 62887 
51922 10714 62636 
51353 11121 62474 
50831 11543 62374 
50422 11910 62332 
50077 12210 62287 
49698 12453 62151 
49309 12658 61967 
48861 12790 61651 
48410 12857 61267 
48047 12870 60917 
47716 12825 60541 
47426 12816 60242 
47157 12817 59974 
46979 12816 59795 
46951 12796 59747 
46953 12771 59724 
46951 12756 59707 
46951 12751 59702 
46951 12752 59703 
46951 12750 59701 
46925 12726 59651 
46854 12621 59475 
46716 12423 59139 
46471 12201 58672 
46161 11974 58135 
45879 11695 57574 
45537 11351 56888 
45185 11001 56186 
44794 10613 55407 
44362 10158 54520 
43904 9706 53610 
43401 9204 52605 
42910 8739 51649 
42417 8255 50672 
41912 7779 49691 
41395 7253 48648 
40837 6722 47559 
40206 6131 46337 
39596 5552 45148 
38978 4958 43936 
38411 4418 42829 
37842 3854 41696 
37312 3321 40633 
36847 2830 39677 
36431 2368 38799 
36081 1972 38053 
35730 1585 37315 
35352 1187 36539 
34997 827 35824 
34576 370 34946 
34156 65456 99612 
33613 64893 98506 
33092 64349 97441 
32511 63766 96277 
31998 63252 95250 
31464 62708 94172 
30922 62180 93102 
30403 61654 92057 
29908 61144 91052 
29415 60638 90053 
28916 60120 89036 
28433 59610 88043 
27991 59157 87148 
27568 58704 86272 
27179 58326 85505 
26793 57919 84712 
26390 57529 83919 
25982 57123 83105 
25570 56721 82291 
25103 56263 81366 
24595 55766 80361 
24087 55263 79350 
23581 54769 78350 
23116 54283 77399 
22604 53793 76397 
22134 53310 75444 
21612 52791 74403 
21105 52289 73394 
20616 51803 72419 
20167 51376 71543 
19738 50960 70698 
19366 50605 69971 
19020 50254 69274 
18742 49975 68717 
18426 49656 68082 
18138 49350 67488 
17755 48951 66706 
17323 48487 65810 
16772 47927 64699 
16194 47321 63515 
15621 46710 62331 
15142 46180 61322 
14636 45615 60251 
14107 45043 59150 
13549 44445 57994 
13045 43915 56960 
12517 43386 55903 
12013 42892 54905 
11575 42429 54004 
11142 42016 53158 
10738 41624 52362 
10343 41225 51568 
9946 40848 50794 
9567 40472 50039 
9193 40100 49293 
8779 39695 48474 
8302 39232 47534 
7774 38703 46477 
7268 38204 45472 
6748 37675 44423 
6239 37161 43400 
5699 36618 42317 
5127 36078 41205 
4580 35526 40106 
4051 35023 39074 
3499 34485 37984 
2939 33968 36907 
2338 33371 35709 
1757 32787 34544 
1195 32236 33431 
706 31749 32455 
244 31296 31540 
65321 30856 96177 
64935 30490 95425 
64447 30022 94469 
63923 29486 93409 
63382 28938 92320 
62890 28403 91293 
62422 27920 90342 
62128 27623 89751 
61705 27178 88883 
61356 26828 88184 
60968 26423 87391 
60663 26112 86775 
60246 25706 85952 
59862 25344 85206 
59412 24966 84378 
59045 24679 83724 
58630 24444 83074 
58310 24332 82642 
58078 24291 82369 
57842 24290 82132 
57485 24246 81731 
57003 24210 81213 
56447 24229 80676 
55785 24233 80018 
55168 24243 79411 
54642 24252 78894 
54091 24254 78345 
53569 24253 77822 
53088 24254 77342 
52626 24256 76882 
52162 24254 76416 
51701 24254 75955 
51275 24258 75533 
50873 24258 75131 
50472 24258 74730 
50064 24269 74333 
49637 24328 73965 
49205 24449 73654 
48780 24632 73412 
48344 24857 73201 
47910 25100 73010 
47504 25342 72846 
47084 25566 72650 
46579 25771 72350 
46149 25981 72130 
45795 26118 71913 
45570 26171 71741 
45395 26170 71565 
45257 26188 71445 
45096 26244 71340 
44944 26336 71280 
44779 26467 71246 
44598 26566 71164 
44473 26570 71043 
44468 26511 70979 
44467 26445 70912 
44421 26367 70788 
44374 26265 70639 
44313 26128 70441 
44187 25976 70163 
43960 25825 69785 
43645 25640 69285 
43343 25428 68771 
43106 25221 68327 
42868 24993 67861 
42542 24681 67223 
42211 24338 66549 
41852 23928 65780 
41579 23637 65216 
41274 23294 64568 
41001 23007 64008 
40646 22624 63270 
40267 22215 62482 
39851 21756 61607 
39403 21298 60701 
38946 20818 59764 
38434 20332 58766 
37881 19784 57665 
37347 19244 56591 
36805 18676 55481 
36265 18093 54358 
35744 17540 53284 
35266 17023 52289 
34846 16592 51438 
34457 16166 50623 
34076 15766 49842 
33738 15420 49158 
33433 15090 48523 
33147 14789 47936 
32854 14484 47338 
32571 14184 46755 
32260 13856 46116 
31951 13526 45477 
31601 13150 44751 
31221 12749 43970 
30846 12359 43205 
30468 11960 42428 
30083 11570 41653 
29718 11199 40917 
29311 10781 40092 
28943 10415 39358 
28516 9995 38511 
28058 9544 37602 
27513 9018 36531 
26975 8491 35466 
26420 7966 34386 
25938 7487 33425 
25449 7007 32456 
24975 6509 31484 
24488 5998 30486 
24019 5512 29531 
23519 4991 28510 
23033 4487 27520 
22536 3968 26504 
22053 3455 25508 
21555 2954 24509 
21077 2468 23545 
20546 1932 22478 
20032 1424 21456 
19437 828 20265 
18849 232 19081 
18242 65163 83405 
17679 64588 82267 
17091 64008 81099 
16567 63483 80050 
16038 62965 79003 
15517 62466 77983 
15062 62037 77099 
14624 61614 76238 
14193 61210 75403 
13790 60835 74625 
13397 60443 73840 
13018 60065 73083 
12612 59650 72262 
12220 59259 71479 
11800 58837 70637 
11424 58448 69872 
10977 57999 68976 
10549 57566 68115 
10029 57046 67075 
9523 56533 66056 
8960 55952 64912 
8460 55455 63915 
7898 54895 62793 
7346 54361 61707 
6772 53793 60565 
6229 53284 59513 
5708 52774 58482 
5165 52286 57451 
4664 51805 56469 
4167 51344 55511 
3705 50872 54577 
3231 50412 53643 
2749 49933 52682 
2270 49463 51733 
1857 49058 50915 
1469 48673 50142 
1007 48224 49231 
454 47669 48123 
65383 47081 112464 
64774 46478 111252 
64249 45957 110206 
63741 45427 109168 
63206 44900 108106 
62697 44372 107069 
62200 43864 106064 
61726 43377 105103 
61261 42895 104156 
60763 42406 103169 
60330 41973 102303 
59895 41567 101462 
59515 41238 100753 
59181 40897 100078 
58832 40560 99392 
58368 40116 98484 
57842 39603 97445 
57233 39020 96253 
56585 38400 94985 
55982 37801 93783 
55427 37182 92609 
54878 36627 91505 
54292 36057 90349 
53692 35447 89139 
53133 34886 88019 
52569 34322 86891 
52079 33851 85930 
51532 33344 84876 
51164 32974 84138 
50766 32577 83343 
50377 32189 82566 
49954 31759 81713 
49480 31262 80742 
48977 30722 79699 
48409 30138 78547 
47897 29596 77493 
47399 29062 76461 
46923 28571 75494 
46430 28070 74500 
45927 27575 73502 
45497 27170 72667 
45106 26790 71896 
44768 26470 71238 
44421 26117 70538 
44043 25750 69793 
43689 25407 69096 
43317 25039 68356 
43047 24773 67820 
42685 24431 67116 
42343 24118 66461 
41929 23719 65648 
41441 23291 64732 
40903 22830 63733 
40354 22348 62702 
39852 21955 61807 
39339 21569 60908 
38888 21318 60206 
38498 21181 59679 
38148 21130 59278 
37863 21164 59027 
37548 21189 58737 
37223 21189 58412 
36929 21264 58193 
36579 21323 57902 
36242 21377 57619 
35923 21457 57380 
35592 21564 57156 
35215 21700 56915 
34816 21899 56715 
34431 22177 56608 
34066 22503 56569 
33753 22872 56625 
33413 23232 56645 
32994 23585 56579 
32529 23970 56499 
31993 24371 56364 
31418 24750 56168 
30850 25095 55945 
30374 25402 55776 
29980 25593 55573 
29762 25732 55494 
29604 25816 55420 
29353 25876 55229 
28913 25942 54855 
28469 25960 54429 
28248 25955 54203 
28199 25943 54142 
28187 25946 54133 
28180 25946 54126 
28150 25956 54106 
28125 25957 54082 
28108 25950 54058 
28109 25944 54053 
28108 25944 54052 
28108 25943 54051 
28108 25943 54051 
28107 25942 54049 
28107 25942 54049 
28107 25941 54048 
28106 25941 54047 
28106 25941 54047 
28105 25941 54046 
28105 25941 54046 
28105 25941 54046 
28105 25941 54046 
