24514 62504 87018 
24179 62282 86461 
23921 62071 85992 
23726 61885 85611 
23583 61755 85338 
23496 61684 85180 
23443 61626 85069 
23432 61615 85047 
23433 61623 85056 
23433 61630 85063 
23433 61630 85063 
23433 61630 85063 
23433 61630 85063 
23433 61630 85063 
23433 61630 85063 
23433 61630 85063 
23433 61630 85063 
23432 61630 85062 
23431 61621 85052 
23362 61568 84930 
23237 61458 84695 
23073 61293 84366 
22828 61069 83897 
22471 60730 83201 
22040 60295 82335 
21573 59805 81378 
21061 59290 80351 
20577 58812 79389 
19994 58258 78252 
19408 57636 77044 
18688 56913 75601 
18010 56246 74256 
17292 55523 72815 
16669 54878 71547 
16012 54198 70210 
15452 53600 69052 
14870 53020 67890 
14246 52395 66641 
13602 51748 65350 
12952 51060 64012 
12311 50406 62717 
11675 49752 61427 
11051 49126 60177 
10486 48564 59050 
9987 48044 58031 
9520 47572 57092 
9105 47133 56238 
8646 46674 55320 
8144 46160 54304 
7600 45617 53217 
6972 45001 51973 
6311 44358 50669 
5600 43655 49255 
4895 42954 47849 
4191 42263 46454 
3435 41535 44970 
2700 40790 43490 
1940 40042 41982 
1186 39297 40483 
420 38542 38962 
65207 37767 102974 
64491 37036 101527 
63810 36329 100139 
63169 35684 98853 
62548 35068 97616 
61920 34396 96316 
61276 33735 95011 
60605 33057 93662 
59886 32322 92208 
59209 31632 90841 
58572 30986 89558 
57880 30289 88169 
57214 29624 86838 
56554 28971 85525 
55919 28355 84274 
55326 27762 83088 
54705 27157 81862 
54143 26623 80766 
53589 26100 79689 
53113 25653 78766 
52631 25236 77867 
52218 24842 77060 
51729 24380 76109 
51276 23930 75206 
50753 23420 74173 
50190 22840 73030 
49474 22138 71612 
48767 21406 70173 
48035 20635 68670 
47311 19884 67195 
46542 19089 65631 
45786 18303 64089 
45065 17553 62618 
44308 16762 61070 
43577 16018 59595 
42823 15261 58084 
42234 14663 56897 
41561 13974 55535 
40946 13365 54311 
40235 12660 52895 
39496 11925 51421 
38659 11082 49741 
37827 10238 48065 
37016 9414 46430 
36242 8623 44865 
35533 7875 43408 
34795 7159 41954 
34089 6470 40559 
33412 5805 39217 
32799 5234 38033 
32233 4717 36950 
31680 4203 35883 
31132 3694 34826 
30586 3187 33773 
29996 2634 32630 
29387 2023 31410 
28722 1333 30055 
27898 515 28413 
27141 65278 92419 
26394 64530 90924 
25716 63823 89539 
25000 63109 88109 
24350 62427 86777 
23618 61680 85298 
22952 60991 83943 
22226 60246 82472 
21489 59526 81015 
20784 58857 79641 
20082 58177 78259 
19427 57568 76995 
18710 56847 75557 
17993 56132 74125 
17160 55274 72434 
16272 54406 70678 
15321 53445 68766 
14455 52549 67004 
13591 51663 65254 
12801 50824 63625 
12080 50076 62156 
11402 49364 60766 
10730 48701 59431 
10065 48039 58104 
9440 47393 56833 
8814 46746 55560 
8241 46172 54413 
7719 45657 53376 
7219 45158 52377 
6689 44662 51351 
6173 44176 50349 
5597 43623 49220 
4955 42986 47941 
4280 42360 46640 
3603 41699 45302 
2892 41043 43935 
2317 40536 42853 
1821 40112 41933 
1420 39750 41170 
1103 39446 40549 
726 39138 39864 
394 38873 39267 
64 38610 38674 
65248 38441 103689 
64953 38391 103344 
64693 38378 103071 
64423 38379 102802 
64095 38379 102474 
63670 38380 102050 
63111 38384 101495 
62476 38393 100869 
61832 38440 100272 
61224 38571 99795 
60622 38740 99362 
60050 39048 99098 
59487 39464 98951 
58958 39913 98871 
58469 40389 98858 
58067 40822 98889 
57683 41224 98907 
57291 41633 98924 
56865 41955 98820 
56427 42206 98633 
55954 42391 98345 
55427 42565 97992 
54858 42706 97564 
54296 42825 97121 
53672 42876 96548 
53137 42961 96098 
52565 43059 95624 
51974 43187 95161 
51420 43377 94797 
50958 43542 94500 
50597 43652 94249 
50330 43669 93999 
50106 43668 93774 
49884 43668 93552 
49664 43640 93304 
49491 43559 93050 
49358 43451 92809 
49198 43342 92540 
48968 43211 92179 
48647 43029 91676 
48300 42786 91086 
47927 42499 90426 
47553 42195 89748 
47121 41852 88973 
46670 41496 88166 
46179 41065 87244 
45632 40585 86217 
45002 40019 85021 
44338 39452 83790 
43686 38863 82549 
43038 38298 81336 
42405 37750 80155 
41792 37191 78983 
41174 36637 77811 
40569 36097 76666 
39997 35553 75550 
39454 35060 74514 
38957 34585 73542 
38506 34156 72662 
38057 33746 71803 
37633 33321 70954 
37209 32896 70105 
36772 32469 69241 
36266 31983 68249 
35655 31405 67060 
34968 30752 65720 
34176 30014 64190 
33413 29252 62665 
32678 28456 61134 
31968 27670 59638 
31311 26969 58280 
30637 26284 56921 
29976 25608 55584 
29314 24949 54263 
28671 24301 52972 
28030 23646 51676 
27368 22974 50342 
26763 22354 49117 
26096 21723 47819 
25524 21144 46668 
24934 20578 45512 
24376 20013 44389 
23763 19403 43166 
23118 18743 41861 
22436 18045 40481 
21744 17297 39041 
21088 16600 37688 
20460 15939 36399 
19825 15286 35111 
19191 14662 33853 
18579 14058 32637 
17997 13461 31458 
17352 12816 30168 
16731 12189 28920 
16101 11561 27662 
15593 11058 26651 
15069 10539 25608 
14514 10015 24529 
13935 9445 23380 
13299 8836 22135 
12629 8139 20768 
11935 7450 19385 
11228 6704 17932 
10577 6030 16607 
9863 5306 15169 
9200 4649 13849 
8570 4027 12597 
7977 3425 11402 
7354 2810 10164 
6742 2217 8959 
6065 1577 7642 
5411 984 6395 
4832 457 5289 
4307 65497 69804 
3799 65019 68818 
3273 64489 67762 
2703 63903 66606 
2084 63261 65345 
1513 62674 64187 
963 62082 63045 
450 61555 62005 
65485 61011 126496 
65036 60511 125547 
64498 59953 124451 
64088 59545 123633 
63596 59063 122659 
63102 58586 121688 
62599 58084 120683 
62112 57622 119734 
61661 57191 118852 
61232 56867 118099 
60863 56665 117528 
60595 56563 117158 
60302 56522 116824 
59941 56557 116498 
59540 56623 116163 
59156 56760 115916 
58722 56801 115523 
58166 56853 115019 
57514 56908 114422 
56891 56995 113886 
56329 57088 113417 
55729 57195 112924 
55100 57292 112392 
54445 57380 111825 
53767 57441 111208 
53023 57437 110460 
52267 57405 109672 
51545 57382 108927 
50854 57343 108197 
50176 57314 107490 
49377 57248 106625 
48684 57222 105906 
48060 57212 105272 
47550 57208 104758 
47107 57194 104301 
46710 57140 103850 
46353 57112 103465 
46095 57108 103203 
45902 57108 103010 
45737 57094 102831 
45571 57048 102619 
45429 57039 102468 
45313 57012 102325 
45158 56877 102035 
44870 56574 101444 
44352 56133 100485 
43695 55655 99350 
42998 55117 98115 
42396 54602 96998 
41839 54085 95924 
41289 53560 94849 
40664 52984 93648 
40029 52397 92426 
39374 51787 91161 
38702 51177 89879 
38035 50560 88595 
37347 49931 87278 
36617 49231 85848 
35885 48527 84412 
35147 47773 82920 
34438 46978 81416 
33826 46258 80084 
33207 45552 78759 
32685 44940 77625 
32171 44383 76554 
31629 43804 75433 
31065 43230 74295 
30485 42615 73100 
29939 42064 72003 
29421 41517 70938 
28982 41052 70034 
28571 40640 69211 
28177 40214 68391 
27774 39787 67561 
27311 39312 66623 
26803 38795 65598 
26337 38269 64606 
25791 37687 63478 
25253 37090 62343 
24692 36473 61165 
24117 35855 59972 
23519 35244 58763 
22883 34646 57529 
22250 34061 56311 
21623 33467 55090 
21049 32905 53954 
20458 32327 52785 
19903 31771 51674 
19321 31183 50504 
18649 30506 49155 
17906 29768 47674 
17176 29026 46202 
16513 28343 44856 
15839 27632 43471 
15159 26885 42044 
14506 26172 40678 
13808 25430 39238 
13092 24659 37751 
12405 23928 36333 
11733 23226 34959 
11102 22591 33693 
10506 21988 32494 
9937 21431 31368 
9412 20936 30348 
8819 20355 29174 
8256 19786 28042 
7566 19091 26657 
6893 18418 25311 
6243 17764 24007 
5559 17108 22667 
4906 16485 21391 
4245 15841 20086 
3671 15269 18940 
3046 14667 17713 
2439 14079 16518 
1824 13474 15298 
1235 12894 14129 
700 12376 13076 
201 11881 12082 
65205 11353 76558 
64653 10806 75459 
64059 10198 74257 
63401 9529 72930 
62770 8876 71646 
62136 8239 70375 
61498 7584 69082 
60819 6888 67707 
60107 6175 66282 
59372 5478 64850 
58672 4754 63426 
58066 4116 62182 
57380 3451 60831 
56695 2780 59475 
55972 2078 58050 
55343 1423 56766 
54776 839 55615 
54227 274 54501 
53646 65252 118898 
53103 64710 117813 
52530 64147 116677 
51910 63518 115428 
51233 62864 114097 
50558 62200 112758 
49872 61538 111410 
49261 60922 110183 
48669 60339 109008 
48123 59802 107925 
47614 59301 106915 
47136 58831 105967 
46652 58401 105053 
46143 57936 104079 
45705 57515 103220 
45277 57094 102371 
44950 56784 101734 
44642 56482 101124 
44329 56205 100534 
43985 55953 99938 
43665 55807 99472 
43337 55743 99080 
43030 55730 98760 
42635 55726 98361 
42058 55738 97796 
41301 55769 97070 
40464 55781 96245 
39668 55811 95479 
38953 55891 94844 
38292 56006 94298 
37682 56200 93882 
37035 56466 93501 
36394 56826 93220 
35793 57258 93051 
35238 57708 92946 
34719 58115 92834 
34231 58497 92728 
33785 58829 92614 
33400 59181 92581 
32938 59494 92432 
32390 59792 92182 
31791 59969 91760 
31224 60070 91294 
30628 60123 90751 
29958 60169 90127 
29339 60303 89642 
28793 60479 89272 
28388 60698 89086 
28069 60956 89025 
27784 61287 89071 
27456 61698 89154 
27044 62132 89176 
26635 62467 89102 
26234 62690 88924 
25849 62805 88654 
25433 62870 88303 
24990 62877 87867 
24643 62805 87448 
24443 62592 87035 
24252 62307 86559 
23995 62073 86068 
23730 61896 85626 
23548 61730 85278 
23453 61592 85045 
23450 61532 84982 
23464 61486 84950 
23512 61462 84974 
23563 61437 85000 
23563 61439 85002 
23560 61439 84999 
23560 61440 85000 
23558 61440 84998 
23555 61441 84996 
23538 61441 84979 
23526 61441 84967 
23526 61441 84967 
23526 61441 84967 
23526 61441 84967 
23526 61442 84968 
23526 61442 84968 

