14204 11400 25604 
14018 11233 25251 
13795 11026 24821 
13590 10857 24447 
13324 10639 23963 
13039 10393 23432 
12782 10154 22936 
12569 9943 22512 
12331 9730 22061 
11992 9414 21406 
11649 9066 20715 
11245 8649 19894 
10845 8216 19061 
10372 7723 18095 
9886 7224 17110 
9390 6714 16104 
8954 6274 15228 
8511 5820 14331 
8060 5399 13459 
7619 4993 12612 
7155 4579 11734 
6722 4171 10893 
6300 3792 10092 
5882 3404 9286 
5515 3092 8607 
5096 2737 7833 
4642 2325 6967 
4139 1844 5983 
3635 1342 4977 
3083 769 3852 
2567 202 2769 
2041 65180 67221 
1538 64642 66180 
1023 64128 65151 
543 63657 64200 
110 63222 63332 
65223 62814 128037 
64855 62445 127300 
64463 62067 126530 
64107 61733 125840 
63718 61358 125076 
63348 60998 124346 
62920 60556 123476 
62453 60090 122543 
61917 59542 121459 
61353 58960 120313 
60859 58436 119295 
60349 57903 118252 
59893 57392 117285 
59378 56864 116242 
58866 56346 115212 
58312 55765 114077 
57793 55247 113040 
57252 54698 111950 
56769 54203 110972 
56240 53682 109922 
55792 53224 109016 
55326 52779 108105 
54860 52335 107195 
54418 51916 106334 
54041 51523 105564 
53636 51104 104740 
53204 50674 103878 
52724 50197 102921 
52298 49763 102061 
51826 49304 101130 
51394 48889 100283 
50907 48433 99340 
50457 48021 98478 
50043 47622 97665 
49619 47236 96855 
49270 46867 96137 
48893 46463 95356 
48503 46047 94550 
48092 45616 93708 
47666 45177 92843 
47224 44715 91939 
46814 44295 91109 
46393 43905 90298 
45950 43501 89451 
45516 43069 88585 
45080 42631 87711 
44621 42177 86798 
44157 41711 85868 
43713 41267 84980 
43314 40840 84154 
42901 40389 83290 
42503 39941 82444 
42081 39481 81562 
41678 39048 80726 
41247 38598 79845 
40823 38132 78955 
40393 37699 78092 
39958 37266 77224 
39500 36808 76308 
39012 36315 75327 
38568 35862 74430 
38135 35435 73570 
37761 35075 72836 
37395 34728 72123 
37050 34395 71445 
36646 34004 70650 
36210 33580 69790 
35715 33091 68806 
35208 32587 67795 
34708 32084 66792 
34216 31596 65812 
33758 31139 64897 
33359 30752 64111 
32979 30381 63360 
32639 30027 62666 
32271 29675 61946 
31889 29300 61189 
31486 28904 60390 
31092 28515 59607 
30707 28118 58825 
30452 27867 58319 
30135 27574 57709 
29899 27358 57257 
29652 27106 56758 
29356 26809 56165 
29003 26459 55462 
28668 26106 54774 
28342 25756 54098 
28070 25442 53512 
27808 25143 52951 
27648 24921 52569 
27626 24751 52377 
27626 24591 52217 
27625 24373 51998 
27631 24017 51648 
27667 23563 51230 
27666 23057 50723 
27666 22529 50195 
27668 21992 49660 
27668 21431 49099 
27679 20949 48628 
27690 20352 48042 
27716 19751 47467 
27800 19142 46942 
27931 18536 46467 
28060 17962 46022 
28247 17382 45629 
28510 16864 45374 
28819 16390 45209 
29145 15990 45135 
29475 15592 45067 
29807 15205 45012 
30111 14797 44908 
30412 14478 44890 
30715 14253 44968 
30976 14056 45032 
31137 13896 45033 
31268 13774 45042 
31433 13639 45072 
31601 13489 45090 
31726 13322 45048 
31806 13141 44947 
31918 13033 44951 
31949 12920 44869 
31938 12831 44769 
31894 12799 44693 
31834 12797 44631 
31753 12735 44488 
31548 12615 44163 
31244 12454 43698 
31019 12189 43208 
30827 11915 42742 
30556 11651 42207 
30232 11369 41601 
29884 11022 40906 
29458 10610 40068 
28964 10149 39113 
28503 9653 38156 
28014 9184 37198 
27466 8677 36143 
26915 8138 35053 
26425 7678 34103 
25887 7192 33079 
25390 6737 32127 
24958 6329 31287 
24557 5911 30468 
24164 5513 29677 
23733 5052 28785 
23282 4576 27858 
22740 3991 26731 
22236 3472 25708 
21715 2926 24641 
21232 2463 23695 
20792 2024 22816 
20273 1520 21793 
19833 1079 20912 
19296 543 19839 
18744 0 18744 
18158 64973 83131 
17546 64382 81928 
17006 63789 80795 
16506 63238 79744 
16080 62737 78817 
15667 62280 77947 
15252 61843 77095 
14801 61392 76193 
14352 60916 75268 
13830 60411 74241 
13331 59947 73278 
12815 59426 72241 
12327 58924 71251 
11861 58449 70310 
11458 57985 69443 
11026 57514 68540 
10576 57016 67592 
10105 56493 66598 
9597 55950 65547 
9054 55379 64433 
8442 54753 63195 
7919 54206 62125 
7373 53651 61024 
6867 53145 60012 
6364 52678 59042 
5878 52193 58071 
5386 51703 57089 
4891 51217 56108 
4388 50748 55136 
3904 50258 54162 
3468 49822 53290 
2958 49283 52241 
2515 48808 51323 
2017 48317 50334 
1570 47887 49457 
1104 47414 48518 
608 46922 47530 
36 46366 46402 
64980 45774 110754 
64363 45152 109515 
63812 44604 108416 
63210 43996 107206 
62658 43453 106111 
62088 42903 104991 
61532 42392 103924 
61005 41878 102883 
60472 41352 101824 
59994 40897 100891 
59464 40379 99843 
58977 39930 98907 
58506 39480 97986 
58105 39082 97187 
57650 38628 96278 
57216 38192 95408 
56733 37739 94472 
56207 37214 93421 
55615 36644 92259 
54933 35982 90915 
54325 35375 89700 
53685 34722 88407 
53040 34086 87126 
52388 33440 85828 
51852 32921 84773 
51262 32360 83622 
50746 31888 82634 
50205 31376 81581 
49719 30895 80614 
49279 30464 79743 
48845 30035 78880 
48420 29623 78043 
47953 29162 77115 
47517 28764 76281 
47004 28275 75279 
46451 27734 74185 
45897 27191 73088 
45260 26570 71830 
44671 26031 70702 
44086 25464 69550 
43509 24901 68410 
42933 24350 67283 
42415 23861 66276 
42046 23458 65504 
41658 23049 64707 
41269 22623 63892 
40904 22232 63136 
40543 21834 62377 
40203 21471 61674 
39823 21086 60909 
39439 20691 60130 
39055 20294 59349 
38697 19915 58612 
38308 19531 57839 
37956 19175 57131 
37560 18744 56304 
37126 18283 55409 
36631 17813 54444 
36097 17307 53404 
35555 16776 52331 
34995 16241 51236 
34458 15714 50172 
33960 15231 49191 
33531 14804 48335 
33197 14447 47644 
32845 14051 46896 
32484 13650 46134 
32057 13195 45252 
31627 12742 44369 
31161 12243 43404 
30711 11798 42509 
30283 11364 41647 
29895 10984 40879 
29522 10572 40094 
29191 10234 39425 
28780 9803 38583 
28406 9429 37835 
28054 9056 37110 
27705 8695 36400 
27367 8345 35712 
27095 8051 35146 
26839 7734 34573 
26628 7395 34023 
26527 7020 33547 
26519 6592 33111 
26514 6072 32586 
26521 5483 32004 
26560 4863 31423 
26636 4240 30876 
26705 3589 30294 
26903 2908 29811 
27165 2159 29324 
27496 1425 28921 
27750 758 28508 
27912 298 28210 
27947 65436 93383 
27957 65021 92978 
28004 64618 92622 
28077 64208 92285 
28106 63702 91808 
28106 63144 91250 
28113 62520 90633 
28141 61969 90110 
28211 61449 89660 
28237 60980 89217 
28250 60539 88789 
28251 60143 88394 
28251 59802 88053 
28253 59480 87733 
28253 59182 87435 
28252 58950 87202 
28252 58787 87039 
28252 58660 86912 
28252 58573 86825 
28252 58539 86791 
28251 58532 86783 
28250 58529 86779 
28207 58508 86715 
28109 58423 86532 
27935 58253 86188 
27736 57973 85709 
27476 57677 85153 
27191 57396 84587 
26877 57157 84034 
26601 56866 83467 
26242 56545 82787 
25877 56211 82088 
25427 55812 81239 
24942 55425 80367 
24504 55072 79576 
24114 54672 78786 
23776 54293 78069 
23389 53906 77295 
23011 53534 76545 
22600 53139 75739 
22166 52717 74883 
21674 52248 73922 
21189 51775 72964 
20689 51297 71986 
20197 50822 71019 
19697 50341 70038 
19204 49853 69057 
18740 49388 68128 
18319 48945 67264 
17871 48496 66367 
17397 47972 65369 
16901 47428 64329 
16362 46877 63239 
15792 46248 62040 
15207 45667 60874 
14614 45041 59655 
14051 44473 58524 
13500 43915 57415 
12917 43353 56270 
12358 42815 55173 
11741 42236 53977 
11212 41763 52975 
10706 41292 51998 
10201 40810 51011 
9664 40267 49931 
9159 39754 48913 
8577 39179 47756 
8013 38614 46627 
7426 38041 45467 
6848 37479 44327 
6314 36948 43262 
5783 36448 42231 
5259 35945 41204 
4749 35461 40210 
4249 34972 39221 
3750 34483 38233 
3238 33983 37221 
2717 33446 36163 
2230 32937 35167 
1749 32404 34153 
1243 31869 33112 
679 31304 31983 
110 30716 30826 
65051 30106 95157 
64446 29486 93932 
63814 28852 92666 
63236 28235 91471 
62636 27585 90221 
62039 26963 89002 
61452 26346 87798 
60891 25779 86670 
60318 25180 85498 
59783 24619 84402 
59271 24107 83378 
58849 23701 82550 
58423 23278 81701 
57995 22880 80875 
57510 22414 79924 
57006 21929 78935 
56420 21361 77781 
55803 20766 76569 
55190 20168 75358 
54643 19612 74255 
54093 19049 73142 
53576 18516 72092 
52994 17945 70939 
52443 17380 69823 
51851 16805 68656 
51293 16247 67540 
50691 15658 66349 
50086 15087 65173 
49487 14525 64012 
48961 14016 62977 
48443 13514 61957 
47938 13022 60960 
47465 12540 60005 
46940 12012 58952 
46438 11464 57902 
45931 10941 56872 
45436 10386 55822 
44988 9911 54899 
44661 9565 54226 
44346 9214 53560 
43961 8777 52738 
43582 8372 51954 
43206 7943 51149 
42823 7530 50353 
42476 7132 49608 
42118 6694 48812 
41819 6259 48078 
41578 5758 47336 
41432 5104 46536 
41371 4348 45719 
41383 3518 44901 
41382 2726 44108 
41345 1926 43271 
41264 788 42052 
41220 65187 106407 
41242 64065 105307 
41386 63169 104555 
41551 62361 103912 
41768 61592 103360 
42066 60891 102957 
42407 60260 102667 
42820 59794 102614 
43201 59413 102614 
43521 59138 102659 
43728 58904 102632 
43889 58724 102613 
43975 58642 102617 
43994 58634 102628 
44019 58603 102622 
44073 58524 102597 
44113 58469 102582 
44113 58423 102536 
44120 58339 102459 
44126 58217 102343 
44125 58175 102300 
44124 58176 102300 
44122 58175 102297 
44117 58174 102291 
44116 58173 102289 
44116 58168 102284 
44116 58167 102283 
44116 58168 102284 
44116 58168 102284 
44115 58166 102281 
44115 58167 102282 
44115 58166 102281 
44115 58167 102282 
44115 58167 102282 
44115 58167 102282 

