36729 42963 79692 
35242 42294 77536 
33804 41614 75418 
32414 40950 73364 
30986 40253 71239 
29549 39519 69068 
28131 38669 66800 
26767 37726 64493 
25397 36724 62121 
24074 35787 59861 
22776 34896 57672 
21538 34114 55652 
20244 33345 53589 
18963 32643 51606 
17724 31921 49645 
16459 31100 47559 
15169 30218 45387 
13871 29333 43204 
12470 28373 40843 
10942 27305 38247 
9474 26266 35740 
8012 25151 33163 
6550 23992 30542 
5104 22811 27915 
3722 21647 25369 
2307 20379 22686 
1074 19140 20214 
65335 17738 83073 
64084 16345 80429 
62827 14962 77789 
61637 13645 75282 
60404 12269 72673 
59284 10958 70242 
58160 9649 67809 
57018 8328 65346 
55815 6936 62751 
54586 5512 60098 
53298 3995 57293 
52157 2595 54752 
51048 1256 52304 
49962 65504 115466 
48876 64270 113146 
47739 62960 110699 
46642 61680 108322 
45481 60254 105735 
44386 58840 103226 
43272 57400 100672 
42241 56043 98284 
41267 54750 96017 
40289 53485 93774 
39299 52180 91479 
38279 50888 89167 
37218 49568 86786 
36090 48223 84313 
34894 46881 81775 
33670 45596 79266 
32420 44316 76736 
31244 43168 74412 
30078 42067 72145 
28982 41016 69998 
27894 39972 67866 
26717 38871 65588 
25529 37734 63263 
24334 36579 60913 
23185 35461 58646 
22067 34362 56429 
21035 33355 54390 
20000 32339 52339 
18934 31284 50218 
17819 30190 48009 
16619 29034 45653 
15393 27901 43294 
14177 26836 41013 
12961 25820 38781 
11807 24877 36684 
10682 23993 34675 
9560 23177 32737 
8403 22338 30741 
7247 21533 28780 
6061 20718 26779 
4851 19894 24745 
3638 19065 22703 
2403 18217 20620 
1182 17364 18546 
45 16545 16590 
64448 15734 80182 
63353 14978 78331 
62170 14179 76349 
60945 13380 74325 
59685 12598 72283 
58369 11810 70179 
56976 10989 67965 
55559 10212 65771 
54160 9506 63666 
52779 8861 61640 
51292 8150 59442 
49886 7463 57349 
48467 6655 55122 
47083 5792 52875 
45768 4982 50750 
44501 4216 48717 
43263 3536 46799 
41992 2849 44841 
40771 2162 42933 
39584 1452 41036 
38454 716 39170 
37445 26 37471 
36530 64908 101438 
35643 64272 99915 
34780 63662 98442 
33887 63011 96898 
32973 62312 95285 
32064 61525 93589 
31163 60659 91822 
30370 59837 90207 
29499 58996 88495 
28567 58139 86706 
27604 57304 84908 
26653 56441 83094 
25774 55610 81384 
24953 54767 79720 
24120 53942 78062 
23263 53106 76369 
22432 52269 74701 
21619 51446 73065 
20912 50742 71654 
20243 50081 70324 
19681 49516 69197 
19322 49159 68481 
19206 49040 68246 
19206 49056 68262 
19206 49073 68279 
19207 49069 68276 
19207 49070 68277 
19206 49068 68274 
19206 49068 68274 
19207 49069 68276 
19207 49068 68275 
19207 49069 68276 
19207 49069 68276 
19207 49069 68276 
19207 49069 68276 
19207 49069 68276 
19207 49068 68275 
19207 49069 68276 
19207 49069 68276 
19207 49069 68276 
19207 49069 68276 
19207 49069 68276 
19207 49069 68276 
19207 49069 68276 
19207 49069 68276 
19207 49069 68276 
34016 61693 95709 
34034 61693 95727 
34043 61692 95735 
34056 61692 95748 
34062 61649 95711 
34053 61568 95621 
34039 61552 95591 
34011 61518 95529 
33962 61442 95404 
33849 61299 95148 
33684 61042 94726 
33451 60713 94164 
33121 60295 93416 
32742 59882 92624 
32338 59420 91758 
31893 58954 90847 
31323 58372 89695 
30695 57750 88445 
29952 57004 86956 
29190 56231 85421 
28355 55378 83733 
27512 54508 82020 
26581 53557 80138 
25645 52612 78257 
24698 51662 76360 
23755 50712 74467 
22869 49806 72675 
22000 48923 70923 
21102 48006 69108 
20140 47035 67175 
19017 45890 64907 
17811 44643 62454 
16504 43287 59791 
15196 41938 57134 
13933 40630 54563 
12668 39322 51990 
11453 38056 49509 
10272 36828 47100 
9089 35653 44742 
7902 34493 42395 
6719 33348 40067 
5533 32182 37715 
4441 31113 35554 
3347 30053 33400 
2339 29099 31438 
1362 28237 29599 
335 27464 27799 
64761 26791 91552 
63570 26194 89764 
62291 25628 87919 
60942 25042 85984 
59611 24506 84117 
58352 24055 82407 
57177 23656 80833 
56108 23388 79496 
55036 23169 78205 
53927 23000 76927 
52728 22796 75524 
51450 22548 73998 
50115 22200 72315 
48833 21816 70649 
47725 21450 69175 
46732 21129 67861 
45822 20857 66679 
44987 20575 65562 
44199 20174 64373 
43400 19542 62942 
42561 18743 61304 
41562 17799 59361 
40424 16833 57257 
39162 15789 54951 
37962 14766 52728 
36815 13698 50513 
35736 12627 48363 
34611 11540 46151 
33496 10512 44008 
32458 9583 42041 
31469 8804 40273 
30466 8200 38666 
29476 7838 37314 
28470 7632 36102 
27408 7525 34933 
26253 7466 33719 
25024 7444 32468 
23774 7443 31217 
22511 7435 29946 
21290 7386 28676 
20137 7321 27458 
19084 7265 26349 
18070 7196 25266 
17103 7082 24185 
16185 6879 23064 
15333 6656 21989 
14561 6381 20942 
13865 5981 19846 
13187 5394 18581 
12389 4719 17108 
11477 3980 15457 
10479 3136 13615 
9393 2189 11582 
8236 1124 9360 
7021 65452 72473 
5779 64177 69956 
4517 62827 67344 
3249 61445 64694 
1958 60103 62061 
547 58751 59298 
64523 57339 121862 
63016 55963 118979 
61386 54478 115864 
59920 53102 113022 
58568 51721 110289 
57266 50366 107632 
55971 49054 105025 
54615 47759 102374 
53228 46455 99683 
51845 45143 96988 
50482 43836 94318 
49063 42448 91511 
47753 41132 88885 
46525 39910 86435 
45355 38753 84108 
44271 37653 81924 
43356 36714 80070 
42530 35882 78412 
41784 35225 77009 
41041 34783 75824 
40218 34536 74754 
39198 34380 73578 
37930 34290 72220 
36459 34270 70729 
34903 34326 69229 
33413 34460 67873 
31962 34609 66571 
30562 34738 65300 
29302 34839 64141 
28191 34852 63043 
27248 34880 62128 
26416 34878 61294 
25809 34823 60632 
25409 34587 59996 
25173 34113 59286 
24731 33541 58272 
24066 32971 57037 
23239 32298 55537 
22473 31628 54101 
21610 30835 52445 
20700 29938 50638 
19712 28952 48664 
18633 27901 46534 
17491 26800 44291 
16251 25614 41865 
15043 24469 39512 
13939 23473 37412 
13013 22666 35679 
12049 21802 33851 
11141 21026 32167 
10183 20369 30552 
9275 19904 29179 
8374 19482 27856 
7378 18993 26371 
6326 18595 24921 
5262 18272 23534 
4199 17969 22168 
3219 17720 20939 
2313 17482 19795 
1476 17254 18730 
632 17044 17676 
65291 16865 82156 
64390 16644 81034 
63555 16484 80039 
62834 16476 79310 
62165 16567 78732 
61484 16778 78262 
60740 17034 77774 
59930 17302 77232 
59104 17572 76676 
58315 17793 76108 
57572 18034 75606 
56877 18286 75163 
56177 18463 74640 
55460 18486 73946 
54740 18431 73171 
54057 18335 72392 
53416 18224 71640 
52798 18041 70839 
52184 17682 69866 
51507 17083 68590 
50691 16308 66999 
49666 15398 65064 
48530 14359 62889 
47270 13202 60472 
45884 11910 57794 
44348 10475 54823 
42758 8987 51745 
41243 7579 48822 
39753 6175 45928 
38385 4839 43224 
37036 3474 40510 
35597 2047 37644 
34104 589 34693 
32516 64596 97112 
30892 63022 93914 
29284 61436 90720 
27696 59804 87500 
26169 58247 84416 
24700 56764 81464 
23227 55291 78518 
21851 53927 75778 
20481 52562 73043 
19213 51237 70450 
18052 49951 68003 
17041 48719 65760 
16259 47636 63895 
15768 46805 62573 
15526 46163 61689 
15512 45639 61151 
15528 45037 60565 
15525 44281 59806 
15524 43397 58921 
15589 42497 58086 
15613 41491 57104 
15613 40335 55948 
15613 39044 54657 
15627 37701 53328 
15627 36292 51919 
15627 34824 50451 
15629 33347 48976 
15623 31844 47467 
15593 30298 45891 
15386 28748 44134 
14883 27119 42002 
14046 25522 39568 
12964 23978 36942 
11864 22564 34428 
10655 21162 31817 
9533 19874 29407 
8375 18529 26904 
7201 17122 24323 
5925 15629 21554 
4558 14117 18675 
3067 12557 15624 
1628 10973 12601 
313 9383 9696 
64626 7822 72448 
63553 6398 69951 
62472 5110 67582 
61304 3963 65267 
60119 2921 63040 
58968 1889 60857 
57880 825 58705 
56873 65247 122120 
56058 64192 120250 
55422 63150 118572 
55068 62214 117282 
55020 61356 116376 
55112 60512 115624 
55235 59634 114869 
55431 58758 114189 
55718 57914 113632 
56087 57098 113185 
56487 56260 112747 
56859 55347 112206 
57159 54353 111512 
57438 53359 110797 
57621 52338 109959 
57709 51352 109061 
57748 50437 108185 
57773 49587 107360 
57817 48809 106626 
57874 48072 105946 
57973 47389 105362 
58152 46750 104902 
58405 46134 104539 
58728 45514 104242 
58882 44849 103731 
58826 44247 103073 
58551 43667 102218 
58117 43162 101279 
57475 42525 100000 
56685 41686 98371 
55723 40645 96368 
54634 39492 94126 
53486 38246 91732 
52268 36943 89211 
51066 35676 86742 
49781 34329 84110 
48580 33054 81634 
47352 31764 79116 
46073 30421 76494 
44784 29056 73840 
43491 27689 71180 
42161 26293 68454 
40756 24823 65579 
39337 23378 62715 
37938 21961 59899 
36615 20688 57303 
35344 19465 54809 
34038 18192 52230 
32801 16903 49704 
31442 15485 46927 
30084 14017 44101 
28611 12468 41079 
27207 10986 38193 
25759 9486 35245 
24406 8138 32544 
23079 6869 29948 
21830 5661 27491 
20578 4459 25037 
19356 3243 22599 
18151 2021 20172 
16985 806 17791 
15863 65197 81060 
14729 64064 78793 
13695 63091 76786 
12751 62289 75040 
11882 61603 73485 
11093 60962 72055 
10381 60389 70770 
9743 59954 69697 
9096 59598 68694 
8422 59298 67720 
7683 59024 66707 
6873 58776 65649 
6064 58604 64668 
5318 58538 63856 
4631 58534 63165 
3957 58541 62498 
3271 58542 61813 
2596 58555 61151 
1969 58554 60523 
1427 58554 59981 
1017 58553 59570 
806 58553 59359 
784 58549 59333 
785 58550 59335 
784 58549 59333 
784 58544 59328 
784 58543 59327 
784 58542 59326 
784 58539 59323 
784 58537 59321 
784 58537 59321 
784 58536 59320 
784 58536 59320 
784 58536 59320 
